138.96098685
178.88312650
170.58339787
259.28823733
174.78183532
236.10292315
192.85073209
228.70431542
299.88667774
265.16125894
431.67918658
452.80158424
434.99213433
459.19792223
398.07925725
370.64453292
440.66502380
548.39529848
444.69092607
511.64447045
429.10131598
480.05351377
524.48717165
558.92548275
594.32031226
512.41193390
500.24670458
652.66394591
725.37141204
669.57999611
793.91699982
760.04756832
658.28553271
836.85197568
671.52443290
692.89949346
768.14294863
778.03536725
771.80330777
842.07399440
665.86324739
681.63289523
1232.65292096
908.42978239
988.31472969
1344.36959457
801.75160146
1246.07449985
1385.32118082
884.01116967
