127.68379974
121.86290383
86.61481404
133.17430353
170.22851968
203.59871769
209.22584581
282.88785815
279.66030765
331.07838702
299.02966642
291.16005349
284.29691577
306.99064994
394.94621992
421.03216600
494.28097105
488.22840524
562.00590420
346.60089946
330.34091473
387.11687970
376.90622163
437.28565693
481.70206523
756.64605618
713.03906536
706.55191135
610.87068820
619.81216097
561.83711910
703.23524976
1159.02874231
422.13300824
1716.92076445
901.65510726
1423.25125384
1549.80131507
1570.15264440
1544.09484005
1411.81313539
1858.44236994
1983.22100306
1121.56640482
2161.91888499
2062.79966664
2609.93276620
3247.19126844
1752.44164777
4633.75081635
