126.00652528
151.20068789
182.26452374
157.83791471
203.26127219
182.50131822
223.85787129
304.36558270
372.36956930
385.29916143
342.24479222
332.76512551
519.23638463
2033.01133513
884.00589943
1222.01183462
250.12123418
437.82544279
402.23796892
488.70951867
363.58493137
375.31138086
730.17530298
665.65804577
729.89438438
564.36521482
657.27032948
733.18074155
851.22271013
849.74521542
654.62215543
873.64716315
579.48513722
598.28342128
530.58527446
977.93306279
1599.02335882
1276.24043822
579.80413890
817.33251381
904.43536377
698.66356134
801.09092331
816.20988965
879.89842319
655.40010405
1075.87260532
782.93198514
814.05902958
3321.58730984
