137.33803988
141.23902464
149.32523060
187.08504653
156.00161457
222.78243375
283.66567159
295.32225847
246.62792587
297.02116966
256.14114809
305.27300525
373.54185152
292.40981340
406.78564906
283.16106153
287.40587401
276.69909072
320.25852609
298.63193202
315.55185485
355.21265578
354.40844631
377.98225832
383.42532277
419.71498108
467.51623011
408.32105398
454.04982591
415.27864933
464.95104623
485.76039433
720.31045008
472.33287168
614.94532394
430.55648208
705.82215810
560.96474814
489.52635932
527.41946650
527.67441249
491.87733626
549.38886070
616.65907216
827.03943086
978.82959461
529.05774760
654.15426803
940.77332306
1166.38673353
