197.15384054
156.74852920
129.05466270
169.20420885
189.54346585
195.95581651
192.04900932
201.75960350
429.88757634
279.42151451
280.56237936
296.12330842
307.89659238
338.42544079
253.87209702
264.84956861
272.74150848
273.27969456
375.22291255
317.22493935
333.05205679
343.90729690
296.06772041
329.95056963
382.93374991
426.80020165
465.74576497
402.40431237
471.61275673
514.46288085
461.49842501
443.62093902
433.39528131
525.02753592
565.81973743
563.23309588
590.69412684
670.50880527
670.82657766
636.20041490
651.76608419
754.27728558
741.60925007
736.50675511
592.70140386
698.95333672
755.04903221
811.23828769
929.26963210
952.44289470
