-292.55500109
-72.32018850
-77.05243639
-474.34745580
-62.27898484
-60.16774008
-64.67504056
-58.81981951
-59.80211456
-76.55807838
-57.78862833
-60.16195897
-163.51558513
-68.40838332
-55.21562198
-59.60748269
-54.40136131
-105.84721595
-62.25985068
-52.35056157
-55.05969498
-62.01902007
-62.73953056
-51.40851129
-62.86747247
-48.93855698
-48.16715217
-45.86088797
-44.59967172
-43.86572460
-56.38094534
-44.36367005
-40.21746891
-41.58355316
-47.54412777
-80.97927711
-49.29335599
-40.77936351
-50.94458580
-41.62890338
-43.03140403
-36.29183167
-252.69184030
-434.72885138
-3635.39919257
-39.96761311
-51.11798219
-157.78328504
-179.22340337
-59.30285435
-160.04069757
