-214.72249456
-182.03027748
-160.34887534
-163.59201771
-159.26179842
-144.90805321
-112.64099049
-72.90165412
-67.70983180
-65.00499800
-63.89145869
-65.75012088
-63.97609766
-63.83208929
-64.08797568
-64.25704530
-64.24735278
-63.58792300
-63.11865061
-62.05034018
-60.78654809
-59.50434733
-57.94338393
-56.38817042
-54.95791256
-53.45420863
-52.58866619
-52.02366043
-50.51979835
-49.05925414
-67.34959376
-49.03018376
-59.57657918
-50.15223381
-49.72839289
-49.37672489
-48.83573244
-48.94668835
-48.17638991
-46.99013017
-45.97651559
-46.29250354
-46.03242276
-45.88399001
-44.85964855
-44.41754126
-45.36555169
-44.67681028
-44.34719037
-45.22195193
-44.83468843
