-206.92285591
-174.06198098
-99.31900245
-82.93646475
-81.95930423
-79.33916944
-75.89090507
-69.32083867
-70.79681840
-69.38255946
-64.27890295
-84.27475683
-64.09404804
-59.80445565
-89.77971517
-60.81228440
-50.78033605
-53.18845508
-67.89749123
-51.82550117
-46.76445937
-50.17691789
-42.95992957
-45.69889840
-70.81538568
-46.59154775
-39.52936269
-51.90074282
-39.67003524
-38.85479228
-50.17705622
-38.15720246
-37.63367345
-269.69622329
-109.47204611
-39.81521387
-46.53098361
-37.43427683
-166.07297841
-1274.75066177
-52.38000261
-42.67663201
-69.88909027
-39.34493929
-37.46013094
-44.80745042
-39.36058195
-114.50528910
-37.02297895
-76.68425486
-39.09585069
