-46.14312904
-55.40692677
-41.51213294
-48.93378021
-39.95824225
-40.98196608
-40.85551135
-39.93606222
-55.53969923
-42.48884272
-40.62538140
-40.58844749
-51.06633301
-41.01395151
-41.56186007
-41.39480014
-41.63945696
-40.20725611
-40.02640599
-40.09034297
-40.30931009
-42.39651563
-39.46469895
-39.49688212
-39.18019638
-39.27584657
-39.34999245
-39.34296030
-39.14492586
-39.08020453
-38.96870686
-40.05965969
-100.07292584
-40.40228745
-39.32133340
-38.63434304
-78.71294147
-52.39167634
-73.36983131
-472.67607547
-49.40944916
-38.55305407
-78.10287298
-39.43002264
-39.34928033
-39.56752917
-37.59127286
-44.41642953
-69.14803334
-88.89206635
-63.24929351
