-232.17919956
-59.40949339
-45.86802158
-269.51727053
-41.88638754
-55.46248039
-40.65459401
-44.77977789
-46.13213214
-49.96796688
-49.32670466
-41.33074385
-49.21723969
-41.95136206
-45.09148502
-41.26405713
-40.27831153
-40.86574494
-47.56472396
-48.47842606
-44.05798167
-38.36999467
-58.83577683
-42.42272896
-37.87298833
-44.08092559
-53.19795797
-114.87894411
-37.87295622
-74.91036095
-463.60691446
-133.33300961
-45.84947547
-207.95800738
-37.16121925
-38.07948463
-190.78655864
-57.73314961
-43.30656386
-67.48822243
-50.28871550
-277.27160083
-37.33987384
-37.10470577
-36.46163646
-305.92909004
-74.34449504
-37.01042663
-36.81971672
-40.66094473
-37.36497996
