-111.83296558
-112.21701845
-112.22811450
-109.55397524
-111.10876518
-112.27807557
-110.83233799
-111.90548096
-112.22375988
-87.98945042
-107.65142460
-112.19484135
-112.08449288
-112.08513941
-91.54427356
-112.29471229
-112.11611320
-80.15975383
-73.42560275
-58.74467997
-48.97788829
-34.60078546
-35.47687176
-34.61639221
-33.42426605
-33.72964571
-33.67649522
-33.61755219
-33.57767280
-29.62287409
-24.70517200
-20.15087509
-15.85021125
-11.97260318
-13.29634445
-10.51849696
-9.20551529
-9.13000768
-8.97754183
-8.81230279
-8.60211851
-9.65332273
-8.71701624
-9.37810538
-9.07595233
-10.11628864
-8.44381123
-8.37543920
-8.41601090
-8.36359919
-8.53397754
-8.21233656
-8.33991854
-11.72117272
-8.79756437
-9.25564343
-9.49277938
-8.83283082
-7.78440306
-8.01891931
-8.28228441
-8.78707539
-9.68088146
-9.28657268
-8.19802116
-7.90357923
-7.76938881
