-112.12667926
-83.05404955
-112.04172507
-112.26151549
-112.02867204
-109.49905721
-73.54847221
-112.29249520
-111.56707461
-111.64583616
-112.12422097
-111.69044714
-104.32560334
-112.28569876
-112.13602764
-112.18602577
-112.28799906
-64.30030480
-51.20075794
-42.36622650
-45.95359312
-44.32243724
-39.90170784
-38.70923922
-39.93531527
-36.81225173
-35.68707773
-32.49323634
-32.62802916
-35.40485138
-24.84735100
-19.04000732
-16.79978709
-24.79058685
-21.76901434
-17.10036394
-17.34042151
-19.73153564
-18.09250434
-16.30275431
-17.65343553
-17.54294642
-15.95942226
-14.05577114
-13.53779732
-13.22947615
-12.75095295
-14.58109597
-12.49465977
-11.43361873
-11.33319883
-11.19147419
-11.57939727
-14.91015047
-11.52355545
-11.03773493
-11.23546461
-11.41483441
-10.47280615
-11.09686674
-10.44331565
-10.31488473
-10.32116212
-10.02883563
-9.95467532
-9.94511522
-9.31189103
