-112.12631139
-111.58964907
-92.78142691
-112.18802596
-112.15616827
-111.64221665
-110.73711624
-112.27279534
-111.99066914
-112.24420240
-112.01532057
-110.89693715
-111.58642914
-112.20969897
-111.78085151
-112.23006463
-112.10704646
-81.59913152
-68.21943332
-35.18175587
-15.21881703
-20.55805209
-16.17135229
-15.03405866
-15.03961201
-16.93955523
-14.27823915
-11.09903244
-12.88693187
-10.47729165
-17.35072198
-12.33587698
-10.04720713
-14.83104486
-12.71460093
-19.80251879
-13.84216285
-15.03235457
-10.11051241
-12.22651108
-16.59298358
-15.42249645
-15.93974858
-16.73975941
-23.07460039
-19.18961293
-14.29853546
-31.53033072
-52.56486240
-10.95823208
-138.70862646
-10.65335788
-10.28887543
-9.53580742
-30.86352590
-9.34929682
-10.26733168
-18.31124667
-335.15777118
-14.22976875
-98.80755494
-9.24870123
-9.37281062
-11.25456376
-12.40462777
-11.75024622
-11.39830638
