-112.21774723
-110.08557212
-89.42521958
-112.21589849
-112.28098866
-78.13410734
-111.32943753
-112.07626021
-110.09822155
-112.19882091
-112.01111247
-111.76351428
-112.19394149
-111.31568049
-112.28799570
-98.01400522
-112.17349569
-73.41457835
-70.21056137
-67.23684267
-58.35702161
-51.47271420
-35.56774153
-32.64437914
-45.17583785
-30.00096526
-27.47946771
-25.77429573
-28.85393018
-22.44769317
-18.39568005
-14.70350340
-12.98048968
-12.14399343
-12.11172019
-11.87169146
-11.07101467
-10.68391672
-9.66269257
-9.48076158
-9.25259821
-15.33677569
-10.39748869
-8.48265930
-8.96336576
-8.92686872
-8.50971552
-9.62977235
-8.99545372
-8.25875780
-10.30180734
-9.49204437
-10.53884288
-10.82507708
-9.56938218
-8.05944517
-8.14817505
-8.09263734
-8.26886250
-8.20264802
-8.04342024
-8.18090597
-8.13378286
-12.89468859
-8.58143178
-11.21032234
-20.69604993
