-2609.13412802
-319.01885977
-318.86312330
-318.89237862
-318.89890776
-318.82174048
-318.92774067
-337.10649242
-318.88381284
-318.81231280
-307.58478467
-319.41540142
-318.92699749
-319.07175040
-318.87857567
-318.82674830
-318.90214286
-318.90851339
-318.61205244
-311.42635305
-258.11717713
-293.69377221
-330.20425030
-18054.21466413
-309.05305910
-248.51022914
-183.18298567
-318.86310259
-307.20292279
-318.81232507
-318.86272270
-284.22421489
-228.05698289
-175.93330849
-97.30929140
-318.81231695
-318.92733821
-318.92614388
-318.82172584
-133.03798410
-318.86178732
-318.92848154
-318.86120807
-318.86404192
-318.86049105
-318.91071280
-52.63191796
-318.86491279
-53.07642078
-92.11506993
-318.85973725
-49.90623287
-48.20223355
-318.90771053
-47.48415063
-46.68626018
-318.85913694
-46.35828261
-46.24204102
-46.38414948
-46.70061324
-318.86608317
-46.22091049
-46.59931862
-45.89916251
-318.81199129
-45.74206466
