-318.84712921
-318.89756218
-319.19834309
-313.88198843
-301.12133779
-318.92586327
-318.86507506
-152.52676074
-318.96157416
-317.52474563
-318.83351092
-318.84747825
-318.86779354
-318.89998837
-481.74633365
-318.92698168
-322.86374353
-141.22156647
-319.29087082
-261.92711047
-193.91915109
-95.68234053
-135.69626123
-94.57634152
-112.85692303
-91.19317643
-113.65333901
-94.98880087
-91.77039668
-135.68080646
-93.14170496
-117.41804004
-111.23625752
-80.64402632
-107.56664328
-126.57954455
-70.77203483
-64.94714500
-106.41157326
-98.54365314
-96.55474278
-62.90540242
-62.41973612
-58.79868740
-57.28010298
-55.89547506
-98.42296858
-87.13453713
-55.46837023
-53.00100976
-48.03467648
-81.64325244
-44.76619205
-42.16633452
-40.60552019
-39.37029536
-76.07343718
-39.09405890
-70.29527721
-38.66052806
-38.06515889
-38.21351022
-64.63522302
-37.61556521
-61.36620869
-37.66704932
-38.26469958
