-318.90838427
-318.92629313
-318.82426048
-318.73635099
-318.75733093
-318.81964959
-318.78917768
-319.23801459
-318.91257146
-318.83374267
-318.90546924
-320.74536767
-266.09044942
-319.09165740
-318.92699133
-318.02470079
-318.90180115
-258.04802083
-252.06580372
-238.55933843
-244.33682671
-218.02631278
-182.34075274
-152.15134352
-180.24806137
-125.17111235
-145.15687755
-64.99030624
-209.41330214
-99.61683187
-202.58822208
-56.02143228
-69.96366899
-51.44013465
-61.84994185
-59.64847874
-57.86235110
-51.61608385
-50.56550732
-49.88570735
-49.52073767
-49.04707851
-47.98380340
-47.62849145
-47.38723833
-47.34807009
-46.61123903
-45.10166207
-43.95666985
-43.40340276
-41.98829597
-41.49221023
-40.82632530
-42.67329854
-40.25472649
-40.36054661
-40.45507425
-39.62537453
-39.12156133
-38.38642040
-37.75625251
-37.52923985
-37.28934027
-36.78843182
-36.20443817
-35.88741027
-35.68861258
