61.95320058
203.03697491
186.02407122
174.51915622
232.75218201
128.83435202
109.48217273
87.54924130
125.38514614
166.88969898
121.26360202
197.18192530
153.48868060
202.66959190
279.36653042
228.23926020
225.09298754
400.06514812
672.36964107
332.92394376
313.32460117
294.43496966
366.10249329
450.17213702
592.33913088
560.94949865
369.47692418
622.05201077
1208.94994116
857.20536518
855.72962523
729.97595334
628.06029201
822.91724920
701.76542592
525.78959322
858.53055477
2102.30809951
981.98265648
1024.98956132
978.97176409
803.35886526
796.46664429
815.93445754
1501.53363872
1040.82188320
1111.46251798
3465.45140433
1239.90994310
1209.06126332
