113.76430821
108.60735631
245.64993644
676.28913927
515.33968306
284.85976696
420.66844821
345.52596974
469.55714607
215.25545144
675.05072713
919.24722052
213.81032419
493.74089622
266.47193837
128.09598231
1070.62238955
364.68983555
496.11341691
574.00457501
513.26044607
352.84581757
287.42140079
715.26613140
5264.81958866
2412.63488054
394.64754868
662.06650877
215.01268387
636.82872939
302.45394301
480.32968450
506.11420941
991.75272346
732.72621059
1142.70873666
904.95184946
718.33959126
1250.40556240
587.84064555
642.70710802
667.22033548
919.27974534
833.48103738
1154.81456041
1500.32408905
1631.95804572
1261.20286894
2139.87966704
1681.92164898
