104.22223759
117.39719701
157.86930656
169.25873160
224.99126792
245.92373061
225.92229414
337.23164129
202.35642362
139.75576854
238.57137585
212.96553636
273.23923111
223.81506038
361.57452083
485.71339560
281.65451384
316.51433444
559.32652402
412.44136858
490.63354897
405.21705508
549.29322219
511.24437666
969.56882024
523.12753916
469.92283559
526.63722110
475.12763429
515.73752856
498.69035387
563.46738696
593.32930493
726.13996458
557.26948166
603.69473696
414.33430195
666.14085126
557.52116942
615.60433173
885.83281946
728.67525768
2687.27661800
532.04977608
549.12510514
838.55473208
811.00587058
1053.31535172
1432.52763081
1023.70495462
