104.93988657
162.98661709
137.77302742
137.13939166
122.24332404
119.44502544
248.70933938
199.38201523
298.42709875
218.01336336
180.19564581
170.22303486
240.21517587
202.17316723
281.40788674
304.80679655
379.19160795
288.17072320
307.14278913
401.89672661
305.06109333
446.76183701
448.57899761
378.53810287
511.58608270
359.03003502
311.03949237
348.47856140
327.31031466
310.92386556
400.48713398
485.18449855
401.43689871
2595.38542485
949.84600282
1050.30547118
549.93659782
886.99295712
340.53938341
355.89435220
449.71363807
474.02943277
480.73674774
379.56729627
415.16495347
735.91370034
533.67803097
653.39164925
557.26962590
718.88632751
