644.56672287
139.05660057
322.25688624
315.70649695
299.41671634
493.68399453
136.72873092
156.22139740
176.07943726
176.99661994
179.90081191
168.62866640
98.29955029
221.14687109
351.13233066
239.90733266
233.02593875
288.30741477
346.33273029
385.51536036
657.32824016
436.15395904
955.67218304
690.73831630
518.89865971
760.80889010
840.15897846
589.64770675
928.27402115
640.12036991
839.09984875
688.24136615
544.59018946
715.13868761
620.34234047
483.19977355
824.61968017
1059.01210022
386.54461026
603.33528185
944.84298873
584.11883187
630.93874288
706.47395182
1256.05752134
2060.66463780
1012.49467683
794.54569650
838.04900312
969.03262997
