171.20334768
138.33316231
183.28455734
238.65701628
254.78720188
265.68249536
284.88587713
294.79106832
348.13884306
353.86871457
297.19676995
489.43370843
376.21562886
304.70978117
342.02864575
374.40177941
284.87001419
293.51481080
391.12124348
491.53077626
429.66834211
445.89012265
377.27772141
498.60144424
417.85219836
420.38000584
467.15797663
418.66940284
447.25500703
472.65786886
424.91533160
463.41660190
485.87189841
509.60994506
682.15399742
658.90682340
700.32795429
562.05202079
495.92871737
1657.61744213
1116.05728006
1043.23019338
1377.34878612
3877.73976350
2289.94813967
1932.34273624
1373.76359367
1596.04873562
1292.48200226
5860.56341934
