247.42233992
122.65273452
165.50899029
234.35284424
235.27009010
364.68426323
329.92375946
338.68109488
369.01834822
478.67252207
470.87270594
496.94970202
492.13021469
757.15339732
509.46531558
596.43667531
742.72442532
551.81954455
1222.85418558
511.07571387
788.01594996
678.16202497
921.85536861
898.88718915
1051.42720199
1446.05754781
1966.31341839
771.19707894
791.41715264
726.34199381
766.95721197
2118.42096472
603.50194144
1571.73059511
999.12929988
616.19413662
540.54756236
645.13483191
516.22373390
645.45099616
956.75416541
1703.28006554
1112.84931469
2649.09407401
922.26493526
1332.57449198
1213.37168837
8079.79140997
1489.20674253
1992.10314941
