293.90754223
87.45671964
101.30231309
121.29708004
157.28892159
129.64738464
148.16317058
153.24300981
225.23441839
222.31851172
896.05296159
321.72481585
503.40328121
406.46138906
372.71141815
583.44827437
508.38165784
509.22078180
398.73478150
351.61566424
769.35375547
410.60070705
531.69401383
355.74426293
1251.86326122
929.56212163
12621.95458293
1204.17160535
953.08631587
893.64332533
1231.83113408
1730.49157214
896.18557024
1199.64602637
2276.94607687
2237.21208763
2220.89098907
1903.41048908
1190.85367560
1057.68656325
1884.10603523
2239.76167560
796.75734711
1023.16792893
2723.70621586
918.09763336
1007.85958433
1060.49975443
1366.69641471
706.18227601
