435.98895621
290.10281897
636.99333048
476.77626634
385.18446398
207.99497700
301.35550189
232.40175414
345.57120657
297.81152821
281.46543074
377.82346034
346.87972021
426.56533933
529.34232521
361.66746736
383.61713862
423.74957967
484.20631695
486.93688798
416.55439639
724.56198311
645.94323063
571.43141532
588.64201212
643.95760250
637.07287693
474.32531977
450.71895242
509.10382318
684.59909940
607.82630420
756.29451180
999.96198130
734.44117951
748.16947246
650.26328301
894.11338902
946.96674466
549.69738269
888.78549480
712.63561535
1019.78518844
640.98930502
675.11237907
933.81254625
755.73948860
933.99399161
663.79606462
838.35824561
