157.92130971
400.73301530
482.05264950
222.82335162
279.20887923
394.45105767
636.51792169
570.33459044
523.82097578
429.09542465
299.70503116
335.90164614
471.37464166
508.72115064
615.29972720
591.38186932
432.34476733
513.94542074
646.38136649
598.42305303
1183.09109664
707.18797207
6713.30992246
1437.23260093
562.80266047
522.82651520
438.11275411
1210.37529802
1316.68783212
1072.20302272
753.35534954
1785.89127278
1111.14486980
1387.07684708
1731.80480528
1155.86390090
1969.29100919
705.41765690
2324.87361646
492.56424594
771.13559556
1251.55182076
992.06744933
864.27128983
1600.47860146
948.35348392
848.18301153
1281.72431517
468.22129989
1755.75074196
