-111.17621598
-117.52871141
-164.16729996
-109.35144873
-119.92627325
-182.12001702
-204.00735319
-99.22650703
-103.89257872
-36.92772743
-27.87715492
-25.38413065
-25.73266140
-20.76516509
-17.66485163
-13.44430071
-10.79618977
-11.09970755
-11.16459681
-12.80204392
-9.96821993
-9.79870857
-9.48359710
-9.42878262
-9.37815908
-9.24387860
-9.50505709
-8.73744107
-8.51514132
-8.74611647
-8.29969332
-8.18050721
-8.09189776
-8.09215910
-8.07826480
-8.14634342
-8.01264963
-8.00847933
-7.94568151
-7.99013486
-7.85856312
-7.77679527
-7.75588134
-7.75291240
-7.69143782
-7.55040410
-7.51535921
-7.46992042
-7.45699096
-7.40838817
-7.42436124
