-100.10628885
-99.69414099
-97.21714424
-95.76030470
-90.61985210
-84.18920414
-83.54623434
-86.13092813
-86.42939097
-79.19080954
-76.69262457
-75.58406323
-71.66568360
-71.58106150
-71.65973779
-72.13119233
-70.18185629
-67.72707598
-62.98319210
-59.41081804
-50.61896663
-40.25956482
-32.68855108
-24.72727304
-22.26993532
-21.15380522
-20.56971525
-40.68859169
-28.30009181
-41.95053800
-19.49720282
-19.42986552
-19.17273439
-20.41974853
-19.24141125
-20.49313262
-17.80897772
-16.79488579
-15.84472581
-17.67588980
-15.78897157
-16.29014288
-18.95103671
-18.54277965
-15.60698606
-15.19894283
-14.36614077
-14.33477240
-13.78906361
-13.04329351
-12.36026246
