-304.30691983
-302.93960318
-300.98916542
-296.74529844
-290.45887361
-280.57716367
-265.41225985
-243.89534513
-224.38991178
-232.60955143
-221.77196932
-211.91796744
-202.58127471
-194.23653119
-185.41875195
-168.50903733
-138.59668234
-139.46517061
-115.28013983
-116.18693768
-111.32230085
-118.25907163
-105.68155031
-99.10089633
-93.74806112
-89.62629837
-88.82711891
-88.07452580
-88.87035767
-85.79869837
-92.42198877
-83.12474219
-86.51528527
-87.52705646
-81.68293882
-83.57106760
-81.63314652
-79.70810963
-80.00955822
-77.97898960
-77.08413652
-78.95262576
-75.27570490
-74.18414095
-73.93834346
-73.25174120
-69.85058378
-66.65995780
-64.56566125
-63.03444219
-62.77930344
