-265.75934973
-260.79904256
-251.26620432
-292.00860614
-236.92550215
-215.12823211
-188.05373332
-163.50247054
-158.41713401
-158.29182859
-157.41302993
-156.90746722
-157.18199065
-158.92885847
-147.14118471
-140.60939730
-138.17378552
-132.36391188
-125.95533085
-119.40819294
-109.77686788
-95.12760558
-77.84240406
-59.46831423
-71.76230931
-55.83374530
-54.21512487
-54.11281519
-75.51131937
-52.71155055
-52.47879047
-52.61234347
-51.78808982
-51.13599213
-52.37329440
-51.62599253
-49.68746478
-50.54639944
-48.47632519
-46.99176706
-44.13840593
-42.13956291
-41.10303111
-40.32780373
-40.39770886
-39.71705347
-69.16088864
-39.86220150
-39.26888500
-39.10365753
-38.93382233
