0.87810468 0.18125864 0.29504841 0.46969830 7.76418256 12.83306833
0.03430856 0.97265871 0.72556986 0.83043427 9.01775166 14.14335954
0.42487786 0.26630463 0.19863033 0.21343916 9.70015895 13.45090808
0.51867380 0.57535293 0.75365969 0.60172272 8.80861752 13.32792247
0.68677128 0.40873371 0.51345312 0.63699818 8.48338530 12.33370519
0.28056692 0.74908614 0.44249065 0.06144922 9.44920029 14.50752286
0.14012923 0.01136356 0.97705918 0.92797131 9.26767275 13.95926409
0.79633377 0.83420413 0.03158882 0.25450073 8.08823888 12.97275194
0.85854314 0.34492138 0.92666031 0.06985724 8.87718936 13.29526799
0.20230856 0.55923621 0.12132482 0.73943109 7.90463070 13.70842413
0.34287690 0.19541512 0.57972295 0.37304681 8.65912553 14.18497305
0.19686309 0.56575800 0.11967518 0.74410581 7.90167314 14.01961910
0.18601456 0.60419239 0.10627233 0.75757849 7.87343465 14.18186399
0.18619434 0.59549539 0.11329902 0.75549193 7.88906393 14.05225797
0.17855761 0.58801364 0.10295014 0.76569292 7.86114263 14.02628693
0.17629701 0.59642081 0.10284200 0.76618101 7.92511042 13.98547823
0.18874441 0.59668093 0.11772509 0.75575035 7.90717195 13.97541573
0.18873921 0.60435774 0.12361897 0.75423184 7.91418157 14.01159332
0.18692599 0.60567095 0.12385843 0.75472921 7.92179067 14.02025296
0.19598828 0.63293016 0.14557852 0.75766170 7.85540456 14.13913807
0.19053463 0.65631951 0.16461669 0.75750997 7.77652647 14.20910286
0.17407731 0.66496516 0.17432562 0.73868936 7.73524690 14.22659643
0.20429739 0.66844454 0.14162040 0.73157325 7.79376258 14.21157296
0.14290106 0.64934410 0.21809793 0.78975397 7.78998770 14.21565323
0.14190067 0.65394345 0.20242860 0.79676036 7.78264782 14.16997204
0.13528017 0.65938723 0.21463937 0.71522640 7.76277301 14.26764095
0.08055005 0.65286334 0.28296943 0.64956147 7.76834432 14.27669973
0.04189492 0.58210424 0.13809982 0.65929711 7.68460002 13.97329254
0.10125108 0.68062801 0.27132013 0.70750879 7.83678581 14.34186112
0.07801867 0.69867972 0.34205607 0.68961687 7.79692141 14.40963299
0.22451115 0.60125577 0.06952715 0.88651919 7.76474016 14.07454897
0.05677888 0.69942450 0.33513054 0.69103945 7.71275451 14.33170163
0.00480599 0.70244069 0.39790811 0.66691383 7.71635370 14.37824380
0.00000000 0.71171528 0.39454763 0.62679273 7.79484549 14.39628921
0.16526918 0.53141683 0.00000000 0.96804743 8.10854031 13.95522491
0.01152033 0.70155138 0.37879748 0.72405741 7.68460002 14.34661276
0.00000000 0.70405344 0.40809901 0.79182660 7.69274069 14.39477399
0.00000000 0.69509429 0.36782875 0.87425526 7.69505629 14.32541488
0.00000000 0.72244054 0.45571057 0.60949637 7.93935490 14.59032140
0.26392419 0.63483285 0.02219010 0.67460876 7.82105301 14.13616180
0.00000000 0.70795661 0.39563404 0.60782874 7.84012497 14.41024686
0.00000000 0.71367101 0.39434996 0.62823987 8.00054912 14.48474465
0.02761171 0.71256786 0.38231491 0.60936354 7.68460002 14.37349373
0.05965976 0.71171743 0.35089661 0.59166169 7.68460002 14.38087955
0.02526956 0.71348853 0.38878936 0.48554164 7.68460002 14.39207334
0.01356947 0.70900890 0.39299664 0.43910780 7.68460002 14.38417091
0.00115883 0.70048520 0.39351862 0.33496341 7.68460002 14.36399414
0.11524375 0.70621972 0.27541129 0.55163032 7.68460002 14.35743389
0.00000000 0.68344226 0.37009176 0.21269118 7.68460002 14.29955399
0.00000000 0.29873453 0.04611959 0.35882313 7.83749786 13.68795292
0.00000000 0.67183093 0.34813115 0.14098310 7.73231433 14.22145931
0.03788270 0.74407473 0.40174099 0.58123356 7.68460002 14.47549729
0.04856602 0.75497916 0.41455354 0.56872960 7.68460002 14.52148923
0.00000000 0.74971497 0.43597980 0.57684416 7.68460002 14.48273868
0.05936581 0.75815946 0.39272316 0.60598443 7.68460002 14.52734964
0.06114420 0.76739481 0.41587823 0.68733955 7.70789205 14.57437259
0.05708039 0.76380851 0.40163502 0.59533023 7.68460002 14.54775881
0.08388917 0.76419588 0.37481261 0.56768015 7.68460002 14.55248806
0.08319372 0.76607445 0.38080535 0.54778447 7.68460002 14.55708810
0.11051737 0.77361237 0.35868105 0.50014828 7.73456234 14.59235530
0.12058887 0.74264416 0.31996163 0.57495543 7.96940725 14.59235530
