0.39681148 0.58994051 0.84427638 0.66665386 7.97168994 13.40360400
0.54650308 0.23522198 0.04103504 0.35220060 9.30615088 13.89452442
0.91345809 0.99477062 0.68974355 0.99074979 9.51446750 14.57882319
0.02994803 0.33435993 0.38354793 0.05129655 8.55547749 12.79126143
0.14332062 0.80128767 0.18979330 0.19120433 8.46655460 12.98839842
0.79202884 0.39869530 0.88362800 0.75175131 9.96289763 13.47774160
0.66012032 0.64279453 0.34434869 0.40617089 8.85800157 14.08892157
0.27562586 0.06152320 0.54107705 0.59171788 8.06089538 12.30526253
0.35404364 0.90896875 0.30424303 0.81655061 9.26734527 12.58242025
0.70630392 0.26373245 0.62209927 0.13100383 7.72355285 14.38740991
0.83959335 0.50435184 0.14580776 0.52345854 8.79476149 13.77506623
0.14414821 0.77395111 0.19470440 0.19153321 8.46818386 13.27260323
0.14649948 0.76439251 0.19789354 0.19609026 8.47474844 13.36525428
0.15632986 0.74061405 0.20804971 0.21371797 8.50058674 13.53585426
0.16338535 0.73841507 0.21227431 0.23614314 8.53268590 13.68040599
0.18146883 0.72899648 0.22300582 0.27285248 8.58781327 13.88931116
0.19445665 0.73149047 0.22977955 0.30991205 8.64348674 14.18176652
0.21736251 0.71568809 0.24460836 0.34773684 8.70052147 14.41653649
0.21207496 0.71374908 0.24586233 0.36533750 8.72558228 14.59235530
0.20210782 0.70144811 0.25126200 0.39020739 8.76048313 14.59235530
0.20111793 0.70837071 0.27931812 0.40364457 8.74844027 14.59235530
0.22098243 0.69600127 0.23091343 0.41850137 8.78484393 14.59235530
0.20475888 0.69179273 0.24620211 0.40595007 8.85918321 14.59235530
0.19327524 0.68694596 0.23429958 0.43619955 8.71398167 14.59235530
0.18185572 0.68694890 0.25780449 0.46682335 8.68052287 14.59235530
0.16656186 0.65409226 0.25132675 0.47015931 8.65042348 14.59235530
0.16271075 0.68318164 0.26862241 0.46248766 8.62818242 14.59235530
0.13675560 0.68174341 0.29163337 0.45549220 8.63635264 14.59235530
0.14141658 0.68506697 0.29554016 0.51798994 8.66898614 14.59235530
0.15086858 0.68611283 0.28521657 0.44581946 8.58158054 14.59235530
0.16233244 0.69188763 0.27526031 0.46876557 8.49926234 14.59235530
0.16532436 0.69562770 0.27237352 0.48480813 8.38349064 14.59235530
0.17762142 0.71170816 0.26787451 0.50974593 8.30074876 14.59235530
0.18708275 0.70813776 0.24979652 0.57065399 8.16512374 14.59235530
0.21078363 0.73182720 0.23936294 0.66189191 8.05150657 14.59235530
0.23208245 0.73597547 0.22747650 0.74721260 8.08391635 14.59235530
0.19927340 0.73054673 0.25171820 0.71928551 7.93617984 14.58391715
0.17220512 0.75054720 0.26619507 0.76806876 7.68460002 14.59235530
0.16484427 0.73773566 0.25906631 0.78126082 7.71785515 14.48084679
0.17569593 0.72328729 0.25766116 0.76941939 7.78952965 14.46153878
0.16617787 0.71954943 0.25518153 0.76947546 7.76604289 14.44805616
0.18332698 0.71839610 0.24195109 0.90317064 7.69489610 14.47994648
0.15882977 0.69926969 0.21815764 1.00000000 7.68460002 14.42810737
0.18983711 0.75872873 0.27535467 0.74452955 7.68460002 14.59235530
0.19888601 0.77593508 0.27423325 0.72896091 7.68460002 14.59235530
0.21486492 0.78245309 0.26178671 0.75757971 7.68460002 14.59235530
0.15585817 0.64409682 0.20730546 1.00000000 7.68460002 14.27973583
0.19899387 0.68275738 0.15961905 1.00000000 7.80292538 14.28662337
0.16912254 0.77691103 0.30347772 0.97119714 7.68460002 14.59235530
0.21743217 0.77525825 0.25927647 1.00000000 7.68460002 14.59235530
0.22878953 0.78203017 0.24789480 0.91326184 7.68460002 14.59235530
0.14724111 0.77075861 0.32192503 1.00000000 7.68460002 14.59235530
0.15915188 0.76046682 0.29142745 1.00000000 7.68460002 14.50485071
0.07188878 0.74799201 0.38764101 1.00000000 7.68460002 14.59235530
0.14773415 0.77817797 0.31885958 0.85206405 7.68460002 14.59235530
0.16878126 0.77833899 0.30453811 0.87206202 7.68460002 14.59235530
0.19420887 0.49928021 0.02225319 1.00000000 7.68460002 14.24307812
0.15126090 0.77626396 0.32105201 0.84291906 7.68460002 14.59235530
0.16858886 0.77768056 0.30496563 0.87558926 7.68460002 14.59235530
0.17661283 0.77692164 0.29723546 0.88097990 7.68460002 14.59235530
0.30123686 0.63971228 0.05348044 1.00000000 8.23351839 14.28758601
