0.86587842 0.32911426 0.87169143 0.22469340 9.32928437 13.99040655
0.20650947 0.61692182 0.15994098 0.69876407 8.36116206 13.32339738
0.37630495 0.23846903 0.54847496 0.48287734 7.88527662 12.61149131
0.53568257 0.95559774 0.48336922 0.94132108 9.80438012 14.41459709
0.65682061 0.06120630 0.07190133 0.81135889 9.68466966 13.66526576
0.25516691 0.77352075 0.89744467 0.26883727 8.00613332 13.07303954
0.08537037 0.40197253 0.25451384 0.55342768 8.82495050 12.34579507
0.98701753 0.68472193 0.71461670 0.02653299 8.86435846 14.10450924
0.87924408 0.14194482 0.31858414 0.36008827 8.42789797 14.52412015
0.03274303 0.92956908 0.64978731 0.84095841 9.26091883 12.78957835
0.36293909 0.30119166 0.01076194 0.11802519 9.86319339 13.21389205
0.19713387 0.62223101 0.16107817 0.70263048 8.37697950 13.59454962
0.18335778 0.63029204 0.16575762 0.70809126 8.40141518 13.94487224
0.16970992 0.63635694 0.17366487 0.71217340 8.43300225 14.18109555
0.12426565 0.61048283 0.20549490 0.70649108 8.57865400 14.18927564
0.08919836 0.60465066 0.23831753 0.70860115 8.69865486 14.18672553
0.12680052 0.56328097 0.19211910 0.70485035 8.51624199 14.20179998
0.14312950 0.58269959 0.20289514 0.71983225 8.46931572 14.21024821
0.14194386 0.60419442 0.20644586 0.72369430 8.47692745 14.23982105
0.12197893 0.61237438 0.22935360 0.72520813 8.48975013 14.31806356
0.11768864 0.62706258 0.23094563 0.72785836 8.37138719 14.35383198
0.11461019 0.62788087 0.23402119 0.74573395 8.26041595 14.29996305
0.10814909 0.62453790 0.23988248 0.76688759 8.18560968 14.25939447
0.08101358 0.63128727 0.26527258 0.83277700 8.14670974 14.31150112
0.04047444 0.61624053 0.29584153 0.93158862 8.12458369 14.24821657
0.00000000 0.63100126 0.36282965 1.00000000 8.08466006 14.27719608
0.09103728 0.65653514 0.30204832 0.80161130 8.03819157 14.42086866
0.16250629 0.62838042 0.18424364 0.78606397 7.97760885 14.33442340
0.00698980 0.50958093 0.25182364 1.00000000 8.29164701 14.15443836
0.07976665 0.65750623 0.29305582 0.91778429 8.01856457 14.30272012
0.22389725 0.67083899 0.15370075 0.84240355 7.81588343 14.31897123
0.28703678 0.68148518 0.09166734 0.87122909 7.84495815 14.34708499
0.35639813 0.66474353 0.03316768 0.89338127 7.97224820 14.33967154
0.30774854 0.66377909 0.05196737 0.90819605 7.96033035 14.28313903
0.31997515 0.64751874 0.02457153 0.87383084 7.75311049 14.28430823
0.35720429 0.67030813 0.00000000 0.84376462 7.68460002 14.25920918
0.37158409 0.67739189 0.00000000 0.81408835 7.68460002 14.23952093
0.29844651 0.64396713 0.00000000 0.66625360 7.68460002 14.22650492
0.00000000 0.44724200 0.00000000 0.34728292 8.22962829 14.04668311
0.29417154 0.68045728 0.08096756 0.83701544 7.68460002 14.24429736
0.25355089 0.68992591 0.13416976 0.77999726 7.97065615 14.38655842
0.30521465 0.66598176 0.04794714 0.82586975 7.68460002 14.18802594
0.33346123 0.70663947 0.07679774 0.86780631 7.68460002 14.35575925
0.35557340 0.70872441 0.05272544 0.89413033 7.68460002 14.35602729
0.39591421 0.73463300 0.04524348 0.93456558 7.68460002 14.44577137
0.37830469 0.73081504 0.04603376 0.95704334 7.68460002 14.42692078
0.38061539 0.72080817 0.04087767 1.00000000 7.68460002 14.40359032
0.31036156 0.73733743 0.12439968 0.97625912 7.68460002 14.46353612
0.30699443 0.74627812 0.13903751 0.90404232 7.86954699 14.55439718
0.29957784 0.71275787 0.10682987 1.00000000 7.68460002 14.36959797
0.39643151 0.76765469 0.07899562 1.00000000 7.68460002 14.56661815
0.43473238 0.77999536 0.03892764 0.98670299 7.68460002 14.57503693
0.46871768 0.76303890 0.00007440 1.00000000 7.84208740 14.59235530
0.44208613 0.77866085 0.03507862 0.91244823 7.68460002 14.59235530
0.00000000 0.42478477 0.02238233 0.68848786 9.22804123 13.00845272
0.48269739 0.77340610 0.00000000 1.00000000 7.68460002 14.59235530
0.01124546 0.44744016 0.30189057 0.92389007 8.94386023 12.91301589
0.36097423 0.77519862 0.11581215 1.00000000 7.68460002 14.59235530
0.12512147 0.49320850 0.19878732 0.59651669 9.18998795 13.38528882
0.41157032 0.77557579 0.06308294 1.00000000 7.68460002 14.59235530
0.40834503 0.77555891 0.06616664 1.00000000 7.68460002 14.59235530
