0.76187470 0.36408168 0.73113522 0.80581142 9.95307220 14.26786603
0.03534644 0.87307153 0.47776414 0.38264594 7.95178211 13.04025909
0.29654205 0.24961783 0.91574007 0.65338802 8.74649463 12.69047997
0.50751309 0.73954946 0.16810019 0.03504670 9.04775469 13.76545375
0.71601811 0.00361818 0.29823129 0.20671867 9.38143164 14.41087809
0.48942141 0.50916995 0.55172058 0.60679997 8.52243975 13.18299832
0.24873162 0.38378332 0.11375045 0.36679485 8.17583794 12.54788239
0.95963566 0.87711280 0.86126435 0.94670066 9.61939596 13.62258332
0.90052677 0.16571316 0.02597365 0.55556195 7.81729710 13.89926081
0.17405144 0.65957285 0.78032448 0.13095017 9.83657169 12.81527944
0.43128934 0.28415953 0.34326797 0.90314540 8.88066576 12.91550574
0.03370106 0.87433536 0.47419409 0.37979666 7.94863469 13.30096855
0.03173244 0.87641037 0.47179195 0.37713388 7.94606761 13.58142587
0.03024285 0.87832467 0.46903267 0.37361439 7.94638412 14.03138117
0.03763950 0.86846746 0.46200563 0.36898702 7.96633768 14.27786192
0.05162798 0.85107785 0.45337419 0.36355588 8.00622764 14.43958092
0.07156775 0.82655657 0.44415755 0.35709194 8.07334726 14.59235530
0.08601059 0.80558456 0.43501511 0.35107551 8.12708213 14.59235530
0.07266063 0.81148568 0.41661022 0.33044797 8.15095916 14.59235530
0.10425548 0.81093044 0.42304285 0.34224032 8.20257961 14.59235530
0.05757870 0.76539332 0.43038122 0.34374933 8.12570749 14.59235530
0.02825307 0.73040337 0.42623579 0.34136418 8.16178280 14.59235530
0.00868531 0.72424850 0.43639489 0.36454435 8.24148186 14.59235530
0.00000000 0.67395880 0.43070292 0.35270517 8.26037821 14.59235530
0.01446169 0.72917420 0.46570645 0.33269991 8.21574032 14.59235530
0.00804189 0.72835622 0.44653031 0.34679254 8.24591645 14.59235530
0.01090631 0.73141837 0.44254333 0.39739166 8.19561353 14.59235530
0.00000000 0.72750569 0.45393092 0.36515396 8.15493623 14.59235530
0.02553708 0.73031532 0.42910250 0.39380030 8.23514031 14.59235530
0.00000000 0.72869050 0.45194371 0.32754505 8.16520792 14.59235530
0.00000000 0.72964418 0.45482888 0.33059395 8.21787449 14.59235530
0.01474169 0.73043584 0.43453966 0.35582813 8.08679124 14.59235530
0.01586409 0.73452663 0.43724912 0.35310806 8.00902703 14.59235530
0.00061466 0.74109305 0.45521945 0.36012768 7.92297887 14.59235530
0.00000000 0.75359085 0.46348530 0.36353735 7.82414968 14.59235530
0.00000000 0.75514467 0.45430187 0.30704620 7.68460002 14.59235530
0.00000000 0.76106337 0.46153637 0.25727338 7.68460002 14.55864690
0.02536649 0.75973497 0.42895861 0.23294218 7.68460002 14.55682480
0.06082783 0.74427069 0.38429154 0.22736703 7.68460002 14.53440137
0.00763314 0.76048724 0.45727221 0.15802231 7.68460002 14.56321049
0.00000000 0.72307501 0.42080889 0.24377304 7.68460002 14.48563016
0.00000000 0.77525358 0.47363783 0.31940325 7.68460002 14.59235530
0.06149052 0.75124508 0.37624151 0.04539696 7.68460002 14.59235530
0.00000000 0.76035557 0.47209619 0.42404792 7.68460002 14.59235530
0.00000000 0.76800222 0.45966068 0.43778990 7.68460002 14.59235530
0.09741406 0.70592808 0.31993768 0.00000000 7.68460002 14.47722998
0.00000000 0.72407668 0.42103323 0.57200973 7.68460002 14.53534907
0.00000000 0.77580192 0.47102129 0.27490005 7.68460002 14.59235530
0.00000000 0.72972669 0.41457782 0.00000000 7.68460002 14.46289475
0.00000000 0.65842303 0.33660031 0.00000000 7.68460002 14.34491389
0.06544685 0.57988311 0.17313185 0.00000000 7.68460002 14.14367265
0.10286910 0.77861311 0.37656894 0.00000000 7.69460155 14.59235530
0.10378690 0.77740763 0.36734912 0.06683055 7.68460002 14.59235530
0.07560427 0.45534470 0.02041644 0.00000000 7.69398699 13.71492389
0.11843763 0.77794123 0.35111481 0.14238591 7.68719950 14.59235530
0.14855599 0.77581482 0.31641063 0.12914984 7.68460002 14.58372265
0.19008684 0.77812705 0.27598802 0.00000000 7.72401682 14.58550179
0.00000000 0.74777636 0.44258489 0.63702292 7.68460002 14.49190182
0.06816830 0.75922332 0.37944711 0.39961551 7.68460002 14.53443939
0.00000000 0.71539103 0.40576711 0.69382790 7.68460002 14.41077719
0.00000000 0.77644450 0.47335721 0.18211477 7.68460002 14.59235530
