0.13475287 0.49846161 0.34384646 0.72508807 9.76387705 14.41707230
0.92718282 0.86563841 0.75711433 0.08510968 7.88669241 13.10368151
0.66266102 0.24276347 0.13890109 0.95806846 8.79181812 12.50825240
0.40040347 0.60993836 0.72795733 0.34797823 8.92816601 13.86113447
0.32552193 0.09234650 0.98230728 0.39227389 9.19138129 14.07167350
0.61110828 0.70955381 0.38543807 0.78214930 8.46593083 13.30509243
0.84592311 0.33634306 0.50367991 0.15894564 8.22146903 12.74698011
0.09244696 0.95354847 0.09822503 0.51913888 9.50976136 13.47856712
0.02103572 0.12948317 0.62315741 0.87498151 7.74537083 13.94566808
0.79013686 0.51227734 0.02470891 0.45178471 9.91166078 12.42371796
0.55751930 0.37737072 0.89084492 0.57474418 9.07832392 12.98078092
0.12978000 0.50579275 0.33603004 0.72527654 9.77557455 14.45839048
0.00384703 1.00000000 0.03453151 0.49659235 9.60207792 12.74935673
0.01691172 0.99422267 0.04408491 0.50012566 9.58844044 12.44861917
0.00000000 1.00000000 0.05746448 0.59759154 9.58296508 12.37138952
0.00230021 0.99946959 0.05235184 0.57099606 9.58664309 12.39383637
0.01067289 0.99225592 0.09459528 0.77070806 9.54555203 12.34796714
0.04251462 0.98095172 0.05229298 0.28331754 9.56921121 12.59664175
0.11231584 1.00000000 0.06083523 0.60054296 9.77756739 12.49934699
0.00000000 0.97604692 0.13125819 0.61731166 9.16290229 12.42880101
0.00000000 1.00000000 0.08106349 1.00000000 9.45193284 12.66479169
0.00000000 0.99163545 0.20667422 0.06107326 9.91488815 12.64494391
0.00628960 0.80007934 0.00000000 0.55967180 9.25924621 12.68184304
0.00227297 0.88554447 0.05164884 0.94044177 9.40684182 12.28977020
0.03610423 0.80209283 0.00000000 0.19047436 9.19703913 12.28977020
0.07620996 0.65718948 0.00000000 0.29791065 8.95973704 12.28977020
0.07001023 0.67402008 0.00047176 0.34938864 8.97777790 12.28977020
0.06212385 0.69204862 0.00137719 0.37952459 9.01601813 12.30613749
0.07320141 0.55667352 0.00000000 0.44234250 8.89879599 12.63434131
0.06716431 0.52880078 0.00000000 0.59063549 8.95018241 12.45744111
0.03765651 0.50211013 0.00000000 0.67625828 9.07171580 12.37046398
0.04416794 0.50583949 0.00485599 0.66327401 9.06459807 12.28977020
0.01172468 0.47446031 0.06567970 0.62159887 9.20619948 12.28977020
0.15466847 0.54225928 0.01573617 0.60414664 9.34255079 12.92139734
0.01060903 0.47960741 0.04168072 0.63150205 9.19805436 12.28977020
0.08048753 0.45039593 0.00000000 0.59554050 9.39096105 12.40593839
0.03600255 0.46279354 0.01342011 0.59282267 9.30139818 12.28977020
0.02605914 0.43063513 0.00354223 0.53522475 9.29631845 12.28977020
0.02656984 0.39897359 0.00929536 0.48908822 9.31291668 12.28977020
0.03266173 0.35555869 0.01050082 0.45186418 9.33655456 12.28977020
0.03448325 0.31146588 0.00578737 0.44427941 9.34336335 12.28977020
0.04986364 0.27897730 0.01919566 0.30135802 9.38696613 12.38905235
0.04085679 0.30179739 0.01161850 0.34722964 9.35862193 12.34965697
0.03909077 0.14411867 0.00000000 0.21791708 9.50629371 12.87422154
0.05073572 0.33170345 0.01834586 0.25260593 9.28802366 12.51128030
0.05827940 0.34413452 0.02252304 0.21841560 9.19228609 12.62661710
0.06589769 0.35352305 0.02555794 0.20626448 9.05999454 12.72992908
0.07735462 0.36756742 0.02925531 0.19713757 8.87699797 12.85907741
0.09838420 0.40043418 0.03892601 0.15537533 8.66056807 13.06845106
0.12252685 0.44780319 0.05310738 0.08049811 8.52437334 13.33373286
0.14512871 0.48722443 0.06821901 0.00000000 8.56624564 13.59969958
0.16601863 0.49584064 0.06067015 0.00000000 8.76254982 13.76314269
0.11211109 0.50713937 0.11273478 0.00000000 8.49104842 13.75210872
0.07118360 0.51027248 0.16432226 0.00000000 8.38454794 13.71019608
0.02360849 0.54137759 0.24218491 0.00000000 8.36959776 13.86151497
0.00000000 0.56566544 0.28491707 0.00000000 8.20803273 13.89044702
0.00000000 0.61253590 0.29732814 0.00000000 7.91551546 13.91424090
0.00000000 0.55036873 0.25179802 0.00000000 8.13961310 13.81492235
0.00000000 0.59900343 0.33185249 0.00000000 8.30647974 14.12753809
0.00000000 0.64556262 0.38290324 0.00000000 8.30865370 14.32701647
0.00000000 0.68375970 0.41728935 0.00000000 8.32567885 14.47603075
