41.24999833
37.92532897
42.46752930
36.95903611
39.35531902
60.72571731
58.46580315
44.49294734
47.24630451
56.64664793
45.22610307
54.89598584
63.28123474
57.59127402
51.59232974
64.73441792
77.17726588
74.47996378
60.68837047
55.24898124
63.62990665
62.63098979
78.17848945
41.37663341
49.72958159
38.04412484
51.79606128
67.91507721
47.16690183
58.99988532
50.51183295
72.17101693
73.25437164
80.04232979
63.19152284
87.91826487
83.04378414
84.84610724
90.80023861
80.10552573
90.12940979
108.09835267
99.06993079
90.79310322
50.34635711
68.51670194
84.50482321
72.18702316
79.04612160
78.12032509
