293.29746580
45.83077002
59.25575042
66.37753534
58.68233991
120.06117606
115.23828721
100.14937353
87.44870782
111.22303438
157.79377556
215.44587517
132.33418703
201.50669742
90.44717550
114.59898686
190.47606111
125.77916837
139.18472624
209.34845448
188.56670594
149.09811139
133.26396370
189.64852071
74.76798153
148.04090595
286.57830763
157.43282318
123.67814994
197.61457801
128.07740998
180.79509568
5388.33729601
71.26581621
110.67025733
75.78790784
104.53990006
130.42556405
127.68468952
132.65298915
110.07829475
70.66916966
101.23461199
69.05553961
173.98201632
222.23627996
139.31408072
154.88499045
82.82521319
228.25595903
