41.28654790
34.44124198
41.07225633
41.58441210
59.56908464
49.38007474
42.25793862
48.78541446
70.62820745
63.71108603
82.29779053
71.61070418
70.27600336
81.61671233
103.52440429
69.23616838
74.85812235
66.73418808
88.48188639
92.09360933
130.07262278
124.41944551
114.75089622
71.63878393
71.14442945
144.13807392
160.97064471
148.97131872
90.72304893
71.53195667
83.13817358
103.50943589
100.55533910
86.57063484
103.44889879
110.59491658
86.82931495
145.42639732
104.67675114
94.92281413
136.43031716
156.78263474
120.08674431
114.53983307
118.56677508
99.82335639
128.54121065
126.99224043
96.58961272
129.62870312
