39.09616923
40.60092258
39.57928300
45.69362855
51.24512267
41.45318103
50.90881515
43.88886189
43.68516064
51.70461392
48.11636662
54.29762578
76.65052748
52.41305780
2096.92032719
64.11869121
46.07238436
68.95981765
75.59639001
94.97901773
117.48840904
161.13408232
506.38579059
44.82540965
88.54916358
98.22951198
107.55068707
125.07760477
175.69606662
85.69065475
151.71144462
166.93695927
208.32571411
192.48160052
232.31634307
125.91102910
252.38043571
172.30361009
185.65534568
257.48900127
142.68535185
190.22493529
266.77838612
163.08610487
82.65375876
94.04371428
69.08088589
76.07929897
68.08059859
104.16586304
