50.66749883
58.75503469
41.51814604
47.49526429
91.53221130
75.26743150
47.77615929
51.83048153
39.49409652
44.95604992
60.57866836
56.39614844
56.90793800
53.23646545
66.92694426
58.21895099
67.59252214
59.48263955
80.64812875
67.44007945
54.47050929
48.84328723
76.75536251
68.94746614
63.95572829
82.06203818
59.70283842
52.37657166
58.79604292
89.71452761
81.74361134
82.17529750
106.49993014
89.91774011
89.09580112
96.33271670
114.36915708
82.71354008
133.74078965
94.85006642
81.92392087
80.71860075
97.36961818
99.27407765
105.93677521
101.73382664
118.10224104
80.88267469
2447.20333385
158.31588960
