0.67340237 0.05710828 0.95237257 0.75090775 9.18364948 13.31905390
0.38806708 0.73859733 0.28458907 0.32309324 5.18536516 10.13183724
0.20679974 0.34574056 0.67384648 0.69521009 6.61865378 8.28220887
0.98359059 0.91809697 0.09212255 0.13848932 7.15251332 12.11618763
0.76169613 0.49071529 0.40410277 0.06650755 8.13902949 12.51286113
0.05375294 0.80501696 0.86094878 0.51385325 6.36968048 9.65611143
0.35318461 0.16997275 0.21967722 0.37799977 5.50515339 7.15887635
0.58334411 0.59389154 0.51233865 0.94643922 8.41414137 11.09412289
0.50819190 0.28702938 0.17881234 0.62299897 5.05299887 11.45460776
0.30133971 0.98023718 0.58915336 0.05446796 9.04171886 8.48823469
0.10370015 0.12265110 0.44740525 0.93260050 7.61940325 9.93058012
0.38847460 0.74096759 0.28326459 0.32070115 5.18235305 10.12587464
0.39099564 0.75563894 0.27506644 0.30590152 5.16374487 10.09053861
0.39519983 0.78017553 0.26136699 0.28117495 5.13273288 10.03546860
0.40086833 0.81342820 0.24285103 0.24768995 5.09074433 9.96332755
0.40586300 0.84304031 0.22648592 0.21790555 5.05325778 9.90270794
0.40984708 0.86466913 0.21387810 0.19629101 5.02716048 9.87731295
0.41730910 0.90481607 0.18888264 0.15806196 4.99293172 9.91665847
0.42334407 0.94617298 0.16226623 0.12768450 4.99377235 9.99811943
0.42677789 0.98204122 0.13465739 0.12018985 5.00866011 10.01503294
0.42615374 0.95196188 0.17567713 0.09922681 4.99653377 10.07944153
0.42851030 0.97826746 0.19972156 0.07626524 4.99678670 10.12700146
0.42906926 0.91477350 0.16874086 0.07311809 4.99895199 10.14482764
0.43719371 0.86847742 0.12444788 0.01216677 4.99324342 10.23962510
0.44561391 0.81630752 0.07280474 0.00000000 4.95974688 10.32456201
0.45762593 0.75947603 0.01534627 0.00000000 4.88869301 10.43576655
0.46954843 0.71035284 0.00000000 0.00000000 4.80419767 10.54092125
0.46985191 0.70807570 0.00000000 0.00000000 4.83679379 10.52642533
0.47083881 0.76862225 0.00000000 0.00000000 4.77744141 10.53805745
0.48006280 0.78986032 0.00000000 0.00000000 4.77744141 10.59163898
0.49094371 0.80464834 0.00000000 0.00000000 4.77744141 10.70464474
0.48923588 0.81370458 0.00000000 0.00000000 4.77744141 10.89885594
0.46985074 0.82964556 0.00000000 0.00000000 4.77744141 11.07440111
0.44678771 0.85577496 0.00000000 0.00000000 4.77744141 11.26213822
0.42044644 0.88232676 0.00000000 0.00000000 4.77744141 11.47298559
0.40118396 0.88133254 0.00000000 0.00000000 4.77744141 11.65252521
0.40605355 0.77157015 0.00634287 0.00000000 4.77744141 11.87358537
0.38955670 0.74150980 0.00248403 0.00000000 4.77744141 11.92460106
0.33522215 0.68678680 0.00000000 0.00000000 4.77744141 12.06335262
0.30728285 0.69165859 0.00609078 0.00000000 4.77744141 12.15343789
0.18552972 0.79661089 0.03995045 0.00000000 4.77744141 12.44457792
0.36692050 0.78962674 0.01238791 0.00000000 4.77744141 12.30664981
0.31724353 0.69424033 0.00170673 0.00000000 4.77757216 12.09770315
0.28793901 0.64903782 0.00000000 0.00000000 4.77819243 12.01952360
0.33546106 0.70306836 0.00000000 0.00000000 4.77744141 12.17665840
0.33821786 0.70188071 0.00000000 0.00000000 4.77744141 12.16494679
0.34278625 0.71279644 0.00000000 0.00000000 4.77860128 12.17409494
0.34510412 0.70998721 0.00000000 0.00000000 4.81244493 12.19155573
0.34604038 0.71041310 0.00000000 0.00000000 4.78960102 12.19381453
0.35171732 0.71592055 0.00000000 0.00019419 4.77744141 12.21392165
0.35870711 0.72214536 0.00000000 0.03190304 4.77744141 12.24058365
0.35885071 0.72248622 0.00000000 0.11694813 4.77744141 12.23917906
0.36057688 0.72394364 0.00000000 0.07328457 4.77744141 12.24286468
0.35657275 0.72017199 0.00000000 0.07934176 4.77744141 12.22869810
0.38257763 0.74612622 0.00000000 0.18912340 4.77744141 12.33120871
0.00000000 0.30359635 0.00000000 0.02809008 5.21709937 12.07963113
0.40270339 0.76108876 0.00000000 0.28262509 4.81510420 12.39819546
0.41772605 0.77949433 0.00000000 0.29884755 4.81783155 12.44855931
0.44387322 0.79464571 0.00000000 0.33833423 4.80444374 12.50075960
0.44719728 0.80558405 0.00000000 0.29387272 4.84936895 12.55403798
0.45374939 0.80266114 0.00000000 0.26090147 4.88633806 12.54460399
