0.76146799 0.36270396 0.55202608 0.08023743 7.91502124 10.69879417
0.06429064 0.69403785 0.32186165 0.61988860 5.22308681 10.24625273
0.37524608 0.11436959 0.83624276 0.26832489 6.98919150 8.59245437
0.69743213 0.93824859 0.03564572 0.80681641 8.45367917 12.56508701
0.52177670 0.21061481 0.44345310 0.94926263 9.12715682 11.78372227
0.33999451 0.84613838 0.68240684 0.47353491 6.06165368 9.59241042
0.15400081 0.45495056 0.16704856 0.63757897 5.44901889 7.51870894
0.96078979 0.59768674 0.96080990 0.16020332 7.43938404 13.20644881
0.88187524 0.02489984 0.20902269 0.39321254 4.89465860 12.92664098
0.20056691 0.91860260 0.91684820 0.93192900 7.94652966 8.26456131
0.26265168 0.28031444 0.43272539 0.20536921 8.55719701 9.85216597
0.06058045 0.69197132 0.31697728 0.62185806 5.21151114 10.25521248
0.03707847 0.67889909 0.28600851 0.63431784 5.13810220 10.31220870
0.69747141 0.93704097 0.03599692 0.80638169 8.45355578 12.56513061
0.01389833 0.66683019 0.25532310 0.64658858 5.06522324 10.36894938
0.00000000 0.65813264 0.22462605 0.65868262 4.99148695 10.42630850
0.00000000 0.65522528 0.18990184 0.67203856 4.90685401 10.49214132
0.00574306 0.66112068 0.14851090 0.68752159 4.80436616 10.57178787
0.00977015 0.62090294 0.10684233 0.70223746 4.77744141 10.65481260
0.01514903 0.58191671 0.07212464 0.71374987 4.78251736 10.73066224
0.02054148 0.53720537 0.05718434 0.71771099 4.81821736 10.67864988
0.02804962 0.49845531 0.03577535 0.72433755 4.83261998 10.67399179
0.04792991 0.32265441 0.00000000 0.74357127 4.82363460 10.74706737
0.02080726 0.51381229 0.04481646 0.71329788 4.85921534 10.64353383
0.04104051 0.51665933 0.04264154 0.75791031 4.77744141 10.68241286
0.04494529 0.51204678 0.04315827 0.75836646 4.77744141 10.70467700
0.10253040 0.53193147 0.01581502 0.73483579 4.81698346 10.75996508
0.05291349 0.52562658 0.02612751 0.74350967 4.83012281 10.77384840
0.05820011 0.51549141 0.04462229 0.70973064 4.80920148 10.76870794
0.05550784 0.51318650 0.04097878 0.73948500 4.84766553 10.75004700
0.05476140 0.51614192 0.04120460 0.73188711 4.77744141 10.80099952
0.05677291 0.51912139 0.04911279 0.75784582 4.77744141 10.91678283
0.06440273 0.52947440 0.06200371 0.77671645 4.77744141 11.01991922
0.06785010 0.53746869 0.06596051 0.78727600 4.77744141 11.07866069
0.07915359 0.54961431 0.07330906 0.81511580 4.77744141 11.23934771
0.09564352 0.56322498 0.08217330 0.83980875 4.77744141 11.38491377
0.10738342 0.58000388 0.08597483 0.85430224 4.77916278 11.47479896
0.12345824 0.58645432 0.08819426 0.87299464 4.78208881 11.58974178
0.13717497 0.60385447 0.09056138 0.88209032 4.79603917 11.68618468
0.16131211 0.61976489 0.09710446 0.88495609 4.83341470 11.84194094
0.18889520 0.63547262 0.03946734 0.75431134 4.77744141 11.60850993
0.16821728 0.64235413 0.10072005 0.88438520 4.86397122 11.89930367
0.18341757 0.65094554 0.11180185 0.89587345 4.94999843 12.04149242
0.19569772 0.66409405 0.11593537 0.89078714 5.00498409 12.05773774
0.20004338 0.67534087 0.11484752 0.90550637 4.98968529 12.11983325
0.23128296 0.69330943 0.11603599 0.93209459 5.01872777 12.21836461
0.24668577 0.71757826 0.11120528 0.94430156 4.98918991 12.27327458
0.27670056 0.72881721 0.10158429 0.94357184 4.96962998 12.35766453
0.30133201 0.75217498 0.09339875 0.92497996 4.96295141 12.39431986
0.32772460 0.75830870 0.08181953 0.89208668 4.93723311 12.44143189
0.34257190 0.77437746 0.07829595 0.87061868 4.88753795 12.45520359
0.35634949 0.79715498 0.07407217 0.85592064 4.80022122 12.51437212
0.36380915 0.79367925 0.07040938 0.84743842 4.82315281 12.50362831
0.40092895 0.81079036 0.04437401 0.81578901 4.83127164 12.56560192
0.40113490 0.79348858 0.03258290 0.80261732 4.83580687 12.51048225
0.38503515 0.81364673 0.07944109 0.84040740 4.85002991 12.60287124
0.38969807 0.82723214 0.08067228 0.83109115 4.84128298 12.61724538
0.39619975 0.85910445 0.10877235 0.78031854 4.84076676 12.73171513
0.40067083 0.87906195 0.12357396 0.71467921 4.85054774 12.76135214
0.40481347 0.89379287 0.13718584 0.62519370 4.82567724 12.83196712
0.40823251 0.91081577 0.14516436 0.53955105 4.77744141 12.83031502
