0.77891405 0.64772450 0.23617604 0.11014006 9.03951721 13.70046309
0.29605583 0.04793408 0.76077262 0.55236929 5.10388434 9.27305293
0.23167334 0.79526958 0.26829298 0.25276049 6.73319899 8.56735006
0.71829654 0.38285661 0.72694681 0.82005072 7.41174839 11.04672349
0.60527195 0.96592473 0.95413256 0.92375820 7.76618611 12.99752246
0.08739684 0.37040677 0.04281609 0.48879026 6.37707009 10.51566215
0.40177933 0.59767696 0.54923779 0.69137002 5.46900308 7.75563562
0.91588946 0.18978061 0.44600200 0.13146313 8.67608031 12.18223877
0.97232535 0.85696514 0.59149612 0.43330831 4.90459034 10.62847403
0.45420703 0.44906977 0.41350918 0.99889341 9.27197380 8.14911380
0.01858953 0.70760521 0.93634957 0.19695294 7.21075046 8.85477692
0.08132961 0.36981729 0.03601630 0.48630885 6.37066569 10.51298052
0.07107492 0.36881876 0.02438297 0.48210712 6.35984733 10.50843993
0.05448463 0.36719707 0.00431271 0.47528763 6.34236087 10.50107155
0.03338471 0.36513147 0.00000000 0.46660103 6.32013423 10.49168677
0.03373527 0.36520692 0.00000000 0.46687235 6.34385262 10.49197175
0.05531162 0.36428055 0.00000000 0.46293797 6.31274475 10.48772780
0.05101668 0.36748144 0.00000000 0.49913594 6.33718377 10.53775585
0.05987531 0.35705339 0.00000000 0.51347517 6.35748254 10.57984771
0.00000000 0.35136822 0.00000000 0.51865338 6.11009045 10.63834754
0.05920963 0.36662516 0.00000000 0.49566313 6.36083668 10.53562169
0.06414813 0.36774348 0.00000000 0.47969905 6.33877828 10.55497716
0.06193653 0.36741676 0.00000000 0.51673616 6.33998167 10.53429185
0.06205445 0.35446566 0.00000000 0.43813501 6.34458245 10.55153909
0.06690305 0.44635787 0.00000000 0.47933370 6.33793184 10.58961618
0.06574011 0.38104986 0.00000000 0.49329797 6.34217498 10.59632880
0.07463477 0.38654326 0.00172161 0.51095103 6.33724564 10.72124623
0.08425576 0.38738126 0.00391156 0.52098212 6.33195496 10.84482247
0.09257699 0.39173168 0.00685215 0.53314320 6.33636498 10.96082364
0.10293598 0.40099933 0.01354139 0.55681757 6.35379298 11.11155653
0.11088504 0.41065242 0.02068424 0.58357826 6.37346618 11.24178275
0.12010253 0.42218491 0.03029543 0.62092284 6.39645268 11.38532687
0.12615660 0.43401771 0.03637071 0.65329019 6.41147077 11.48560981
0.14198956 0.45484153 0.05015228 0.73822038 6.44187093 11.67907105
0.13521485 0.45791641 0.04640840 0.71965965 6.43225181 11.62731095
0.11883408 0.45762092 0.06125667 0.83044907 6.41950868 11.64664176
0.13127728 0.46876160 0.05110621 0.76943183 6.43270130 11.62300116
0.12991203 0.46949718 0.04921830 0.80328730 6.43839529 11.61856603
0.12848029 0.49649124 0.06500803 0.72994357 6.41213809 11.68611310
0.12839003 0.48418855 0.06922291 0.69765565 6.40005342 11.69765851
0.12707846 0.49516626 0.08176776 0.60717394 6.36922726 11.73245052
0.12504056 0.50235400 0.08860598 0.54418440 6.34517261 11.77259049
0.12571713 0.51068044 0.10007538 0.45284582 6.31012205 11.83347034
0.12738902 0.52591695 0.10938002 0.38195189 6.28880424 11.89869280
0.13282715 0.54592461 0.13099951 0.24827377 6.27147449 12.03416510
0.13209802 0.55389839 0.13319370 0.25580087 6.25981426 12.02595474
0.12926741 0.56004699 0.14479593 0.26244074 6.18904231 12.06124082
0.12902023 0.56804030 0.14743779 0.27942961 6.20510821 12.05255661
0.13195357 0.57106035 0.14865306 0.31161918 6.20324763 12.07863601
0.13879636 0.58152994 0.15065297 0.37444290 6.19777743 12.11206419
0.14945669 0.59408023 0.15119928 0.41683848 6.16728113 12.15561621
0.16435919 0.61229741 0.15329324 0.42535058 6.11079537 12.22352740
0.17756879 0.63330321 0.15892190 0.41184998 6.05841273 12.29404634
0.19043550 0.65511062 0.16834294 0.38924878 6.00767373 12.37279327
0.20005476 0.68412711 0.17923778 0.36588597 5.97295659 12.44669308
0.21051094 0.69164363 0.19504032 0.33027454 5.93926989 12.54533736
0.20252031 0.69393026 0.19201102 0.33827143 5.96625055 12.49286612
0.19673959 0.69776599 0.20075154 0.31806230 5.98942683 12.54018840
0.19663974 0.69749042 0.20435601 0.32321371 5.99177453 12.52611517
0.19804743 0.68954220 0.19458898 0.25910915 5.97590143 12.49747354
0.19929276 0.69219574 0.19598056 0.38121573 5.98164418 12.52075314
