0.51453890 0.07392681 0.16591035 0.30851449 7.28519888 10.06369603
0.16171211 0.95451611 0.94502428 0.75381734 6.60993711 11.89643353
0.36784418 0.27419197 0.45519150 0.14884941 5.64776596 12.49141836
0.95688131 0.62705272 0.68389006 0.65664844 8.78619628 7.63063541
0.87334886 0.47875533 0.85116109 0.61338206 8.91241255 8.95227180
0.45823573 0.61023346 0.00954749 0.07431752 4.98245118 11.22354297
0.00781357 0.18094024 0.52776758 0.96055102 6.48378236 13.21832231
0.65962533 0.78475848 0.36156868 0.48398266 7.95046978 8.79596680
0.73479375 0.33655738 0.59290981 0.05878844 6.90780157 7.45839917
0.08896380 0.68993239 0.29829280 0.50409126 7.52672505 12.77120782
0.38099163 0.01155399 0.78598929 0.40595930 8.47271614 11.61627597
0.07265425 0.58354742 0.36661665 0.61458655 7.33667782 12.83188484
0.08934882 0.69298676 0.29644788 0.50088594 7.70292116 12.76972831
0.08318646 0.64429379 0.32381485 0.57959121 7.38583406 12.79296343
0.08099924 0.64805859 0.33374947 0.61106567 7.30026712 12.80124727
0.08098077 0.64592107 0.33356278 0.64217294 7.21843056 12.80072241
0.07976519 0.62563554 0.31841405 0.61443879 7.24021799 12.80645362
0.08224458 0.66653438 0.32530931 0.72511094 7.12891699 12.79344105
0.08586175 0.63502383 0.32697606 0.71071328 7.13044834 12.77865705
0.08593743 0.63679572 0.32366377 0.77155365 7.06026085 12.81134060
0.08776494 0.64306644 0.32796868 0.73099756 7.11603911 12.79915568
0.07854250 0.64109599 0.32894143 0.77793964 7.17881817 12.80676220
0.08777191 0.65952308 0.32832219 0.70368509 6.92416088 12.81713111
0.09215723 0.68582462 0.33314286 0.65940742 6.63189286 12.82055848
0.09784323 0.71673857 0.33741178 0.62988423 6.34745153 12.82046821
0.10673442 0.74409519 0.34258795 0.60492248 6.00046275 12.81641531
0.11352183 0.78677470 0.34404405 0.58568166 5.72224872 12.81080817
0.11577888 0.75671473 0.34363377 0.57167421 5.51332203 12.80519248
0.11938802 0.75070519 0.34275325 0.59019028 5.98033340 12.80941323
0.13868554 0.80061870 0.34053986 0.56195114 5.55282974 12.82285242
0.16381557 0.82764374 0.33464156 0.56057639 5.53985736 12.85738598
0.15558994 0.79967985 0.33595521 0.56359796 5.70814652 12.84079698
0.16823252 0.84242753 0.33810107 0.53536685 5.17266865 12.83740697
0.17650179 0.88133984 0.33906052 0.51291272 4.90417406 12.82310253
0.17895282 0.87028518 0.33986767 0.49635122 4.80944281 12.80442717
0.18682027 0.88615028 0.33891042 0.45586328 4.77744141 12.77091264
0.18243182 0.88270488 0.33983236 0.42006019 4.77744141 12.76824617
0.19330805 0.88811149 0.34148030 0.47728915 4.77744141 12.78623280
0.20062491 0.90140135 0.34127308 0.46459791 4.77744141 12.81339101
0.20680994 0.90350361 0.34040970 0.39878845 4.77744141 12.81559101
0.21699509 0.91391444 0.34069562 0.46680723 4.77744141 12.85370994
0.23329385 0.93157475 0.34189211 0.49131510 4.77744141 12.89367554
0.24788684 0.94765746 0.34547020 0.53302788 4.77744141 12.94144452
0.25122844 0.95741105 0.35118388 0.52553514 4.77744141 12.95483052
0.26461879 0.97092183 0.35018980 0.50575752 4.77744141 12.98648222
0.27823851 0.98307791 0.35212222 0.47021434 4.77744141 13.02723839
0.29173898 1.00000000 0.35147582 0.44915195 4.77744141 13.04974106
0.29078229 1.00000000 0.35477150 0.41646028 4.77744141 13.05621630
0.28903816 1.00000000 0.35731361 0.51649170 4.77744141 13.06052768
0.29211125 1.00000000 0.35658124 0.48587742 4.77744141 13.04259912
0.29638367 1.00000000 0.35252623 0.46924082 4.77744141 13.08035190
0.29034496 1.00000000 0.35610196 0.46788466 4.77744141 13.06746659
0.28645808 1.00000000 0.35999868 0.77382328 4.77744141 13.07573395
0.28153775 1.00000000 0.36549024 0.74488618 4.77744141 13.07045409
0.29533122 1.00000000 0.35082621 0.16735866 4.77744141 13.06972228
0.30249707 1.00000000 0.34393853 0.10629932 4.77744141 13.06118243
0.29821934 1.00000000 0.34820838 0.22749345 4.77744141 13.06321222
0.28577894 1.00000000 0.36085561 0.69275317 4.77744141 13.06787980
0.29770815 1.00000000 0.34861640 0.00000000 4.77744141 13.05969096
0.28048984 1.00000000 0.36580545 0.27133236 4.77744141 13.07010981
0.27706656 0.99583376 0.36518644 0.44039556 4.77744141 13.03696443
