0.35968513 0.73182963 0.94496313 0.73240703 6.61045829 7.34149830
0.62246965 0.25755870 0.05912434 0.42207384 8.28953850 12.54190742
0.76650746 0.97230534 0.57643670 0.79678952 7.46569936 11.23248669
0.02916990 0.00926892 0.42716243 0.11145659 5.70678336 9.51459853
0.17259274 0.85007165 0.20880117 0.14700359 4.83327284 8.61526599
0.93508061 0.13733254 0.79577835 0.94848681 7.75936281 13.85954806
0.70316409 0.60227041 0.34002303 0.33263241 9.15883066 11.63245454
0.46601815 0.37732069 0.66309170 0.50911589 6.31257649 9.97868022
0.43177172 0.89007953 0.30399849 0.87565339 8.63201499 8.98786889
0.67881677 0.09927669 0.69960064 0.21619969 6.80340110 10.68046011
0.96345623 0.62665457 0.18619691 0.56518085 5.47589236 12.87885719
0.17334558 0.85486315 0.20754378 0.14714342 4.82756347 8.60934398
0.16708738 0.81455428 0.21799996 0.14598030 4.87588712 8.65898305
0.16018129 0.76831673 0.22954419 0.14468925 4.93162283 8.71518045
0.15352557 0.71999289 0.24065067 0.14341539 4.99007511 8.77364025
0.14807331 0.67161923 0.24968071 0.14231272 5.05014892 8.83333511
0.14514526 0.63181439 0.25434277 0.14164128 5.10451695 8.88617221
0.14457909 0.61055504 0.25485428 0.14140798 5.14513436 8.92188668
0.14801703 0.62585371 0.24676393 0.14170546 5.19635584 8.95196225
0.15496304 0.68922416 0.22204789 0.14209644 5.27115795 8.99417652
0.15501699 0.68945058 0.20996086 0.14202644 5.26059284 8.98959878
0.15260699 0.66968347 0.17402262 0.14152415 5.18648852 8.96516315
0.14890890 0.64880288 0.13371355 0.14044245 5.13334991 8.98238178
0.14235997 0.60297758 0.09459395 0.13867974 5.10258272 9.03288668
0.13363602 0.54124639 0.05667737 0.13637180 5.08270531 9.10134026
0.12207255 0.47077735 0.01366073 0.13319568 5.06004036 9.18869177
0.10592852 0.39007175 0.00000000 0.12850552 5.01642215 9.28439002
0.09355598 0.32939681 0.00000000 0.12491494 4.95121552 9.38551556
0.09368498 0.34441618 0.00000000 0.12483916 4.95984350 9.34057208
0.07955954 0.37050280 0.00000000 0.12327612 4.94692222 9.32151084
0.06178834 0.46845314 0.00000000 0.12549516 4.97157188 9.38192776
0.05130611 0.52221741 0.00000000 0.12636732 4.98607208 9.42622640
0.03211313 0.58715549 0.00000000 0.12673681 4.99544206 9.47505390
0.00795943 0.63838722 0.00000000 0.12642722 4.96716589 9.47089071
0.00000000 0.64207029 0.00000000 0.12577296 4.90424204 9.31734084
0.00000000 0.63981964 0.00000000 0.12626801 4.97888699 9.57114478
0.01250414 0.56999634 0.00000000 0.12719621 5.03054279 9.70987350
0.01492885 0.51126641 0.00000000 0.12881206 5.02394841 9.85191680
0.02781024 0.47000783 0.00000000 0.13483685 4.99152187 10.09538040
0.04242565 0.50255151 0.00000000 0.14245302 4.98253926 10.30521348
0.05505384 0.44008430 0.00000000 0.15034767 4.99511234 10.48956808
0.07502006 0.47866699 0.00000000 0.15582632 5.05877119 10.62738930
0.08776762 0.45805431 0.00000000 0.16113303 5.05851058 10.75762472
0.09312815 0.50620124 0.00000000 0.16442409 5.09649548 10.88746704
0.10979974 0.45930448 0.00000000 0.17094515 5.19421398 11.09550882
0.08945348 0.47142399 0.00939992 0.16590587 5.35004391 11.00755885
0.10737983 0.50049044 0.00000000 0.17115620 4.93406645 11.06647564
0.12033205 0.51712622 0.01032732 0.17340331 4.77744141 11.08844452
0.13868952 0.55109521 0.00315071 0.17849627 4.85384920 11.30915175
0.16832447 0.52119070 0.00329741 0.18203481 4.86647362 11.38615466
0.15162782 0.54315251 0.00975092 0.17947845 4.81258646 11.30641403
0.15170351 0.54761677 0.00205984 0.19397426 4.80512034 11.31680670
0.15189823 0.54331813 0.00943174 0.19732474 4.79289161 11.27380011
0.14954528 0.54533586 0.00000000 0.08298742 4.77744141 11.31954874
0.15210323 0.53847681 0.00000000 0.14966974 4.77744141 11.27732265
0.15268806 0.57146935 0.03988481 0.16452002 4.77744141 11.52645928
0.14664760 0.60108181 0.07756641 0.17551541 4.77744141 11.67571968
0.14472237 0.62688069 0.11031809 0.17691438 4.77744141 11.80716162
0.14363772 0.66555188 0.14996988 0.16863417 4.77744141 11.97771311
0.14631496 0.68797863 0.18648535 0.15426298 4.77744141 12.13087257
0.13068206 0.72658858 0.21066387 0.14989969 4.77744141 12.19621033
