-51.78636249
-39.83308912
-36.44318985
-40.83580361
-27.48207103
-15.72954934
-11.38545703
-9.65185302
-9.82319135
-9.52822936
-9.52807563
-10.08380380
-9.73344767
-9.99095542
-9.20104618
-9.34399058
-9.10699163
-9.86533216
-12.00558628
-15.51991421
-9.46513290
-9.09763166
-9.17383405
-9.38861787
-8.86422963
-8.59265774
-8.60832355
-8.65376557
-8.63081639
-8.42947015
-9.14431246
-8.45925297
-8.27056881
-8.05022344
-7.90724067
-8.29444076
-8.35694016
-7.79512817
-7.56786469
-8.43952716
-13.07971365
-7.89408029
-9.36780612
-9.08561865
-8.59650735
-7.94455858
-49.80243142
-7.50024342
-74.46697619
-8.26923414
-8.66281887
