64.27624631
62.93699765
86.30352926
45.80353546
108.79277182
66.50535083
115.54078674
95.90526724
42.19621825
83.36854291
183.76822639
194.37633872
150.93080974
179.89454722
141.19243813
52.45716524
107.03503108
93.90645838
83.07435346
99.14284182
133.55956364
119.71525502
179.43693519
152.73095846
241.23087168
112.79068089
184.07815218
193.09691429
322.75684667
92.99649739
121.56575561
242.75153017
178.77027059
193.52372813
215.22194266
281.46294498
341.69605803
465.58786273
204.78957343
133.60373592
251.91529989
304.68030405
191.79190564
184.94429994
261.65165091
190.47440600
358.56009269
254.00627232
107.85751414
421.72607994
