34.86832666
59.04122448
73.45421505
123.33306241
81.16973925
99.67965055
39.34240270
77.90409708
70.14905810
47.35647511
112.91112304
98.35944700
98.32093668
45.93728805
85.81841874
99.38629079
172.63239908
118.79532981
90.53783393
188.51959276
140.60466003
129.59038305
105.58267903
165.08427334
102.93947506
89.40848613
88.55508399
135.02130580
91.93788791
142.62753463
110.94950843
123.92155766
60.26756287
129.99021125
157.22665930
99.55031085
194.23324203
152.19069791
136.22064734
194.72298193
201.14699793
143.33680248
246.50115395
215.33953881
143.53030014
127.21139646
168.69180417
136.09563494
158.06370330
1280.57003617
