31.89203429
24.31343246
47.60779023
60.43685794
31.84141183
50.18207026
42.02794337
31.22520328
34.42580891
38.25648880
34.69925356
58.25232983
1169.58522820
37.47641945
298.73491597
65.82754302
54.69465375
143.75980878
30.00841737
92.85158110
68.11772704
91.85254192
68.52105975
147.62574220
126.49732089
90.06858993
172.24327588
114.55365753
98.52023268
146.59018826
171.22337842
101.13124251
130.83289385
88.22905827
183.32544112
137.22150159
96.67987418
77.09724331
78.73545194
89.69299889
141.17338872
154.65621448
135.14841795
152.72557831
88.42193675
78.43128419
184.21079683
159.21757388
135.00360274
127.51576829
