33.88620114
43.90161085
67.25837827
53.81939459
38.51925993
46.09290433
55.30904078
53.97733712
44.71348643
71.67509317
61.69932246
47.89636064
50.17937303
45.34476042
42.63685322
37.42763138
49.20514345
58.00746512
54.12025166
60.52974963
42.93202782
60.70180416
72.25182319
99.59080315
63.72549701
63.35181236
72.07950354
63.63059163
82.00316715
61.19230294
54.84565997
63.96699882
102.99398446
114.64100933
108.54047370
83.70649147
75.14951348
75.51353121
101.08155918
92.85542583
88.90715480
127.52140713
95.67118335
71.94547296
104.56977797
100.13242507
88.40159130
132.49229479
157.26554537
122.28411961
