60.70665002
62.43049812
57.75476813
61.01755309
65.70632887
78.88542485
62.08023930
64.11157680
53.39736295
73.49437428
50.18957734
82.39529753
61.61712575
55.00969100
60.35891914
61.55671954
83.07408333
107.54092956
63.16092920
65.75521708
52.76965904
96.21667981
58.26095724
64.83005452
61.73866820
70.61697197
83.71747470
74.03299475
92.33771443
63.54217887
71.80805254
59.68375230
75.81059718
98.04952884
95.15272355
74.56373477
132.45906472
80.03773952
87.23001790
69.56399632
102.74725270
128.92252994
90.89033508
202.30329418
287.81497288
166.88175535
109.40484095
107.70021939
255.83298135
106.57370257
