0.79826273 0.54604858 0.21198800 0.56597148 0.81078224 0.20158571 8.82381159 13.47463449
0.40686427 0.30377611 0.80561600 0.46041459 0.14883200 0.81212135 9.49248799 12.84679273
0.08304788 0.89460195 0.37834284 0.76516950 0.25544769 0.72275052 8.07075738 13.16605576
0.69213985 0.13685896 0.59623827 0.15179615 0.65996858 0.27139450 9.09424086 14.29759951
0.50359752 0.76776388 0.93614707 0.12402708 0.51515756 0.08469463 7.95249274 13.13185148
0.14296674 0.00979221 0.09325150 0.98043869 0.41589236 0.91337190 9.22825656 14.33858341
0.35137308 0.66505964 0.72352018 0.29982918 0.05095222 0.62188335 8.34619873 14.01024440
0.99025187 0.42304678 0.25489232 0.66405678 0.89302839 0.38793272 9.98583437 12.29983349
0.89646315 0.96815229 0.65235978 0.91138613 0.21380993 0.34217953 7.72866160 13.00111210
0.25409177 0.19466057 0.37294085 0.04856319 0.87174279 0.67146506 9.29186179 14.45969591
0.23594341 0.59798629 0.94382900 0.72780217 0.72006742 0.86334422 8.40981273 13.85260947
0.59406245 0.37146302 0.03867762 0.37278777 0.31934934 0.13073833 9.76201200 12.46597102
0.66332517 0.72114846 0.49564368 0.40019447 0.47976769 0.44403846 8.61575788 13.59575795
0.05366696 0.49439603 0.52579504 0.51289558 0.57526734 0.55396560 9.57180040 12.71604237
0.44079589 0.83716359 0.15816181 0.20877856 0.95398568 0.98122706 8.15007858 13.33220426
0.83064725 0.06393100 0.81258077 0.81367065 0.11594877 0.02852654 8.88619594 14.13995360
0.86377958 0.85133741 0.34145174 0.25523675 0.63786539 0.50655256 9.41937182 13.39885644
0.13962371 0.07835416 0.14305853 0.94634042 0.40433116 0.89937211 9.16111758 14.28756833
0.13316317 0.14618306 0.16437728 0.93428615 0.39127380 0.89078682 9.09335589 14.39503428
0.11989452 0.26214082 0.20721895 0.90683815 0.36420299 0.87017820 8.94396202 14.45380468
0.11384481 0.35848316 0.27247887 0.85924549 0.34734845 0.84556986 8.81890676 14.39596012
0.10161815 0.45174447 0.30928068 0.83502212 0.32463070 0.82584776 8.68745101 14.51259635
0.10197102 0.52657859 0.37387649 0.78596556 0.31640597 0.80289252 8.58549735 14.58950090
0.09974855 0.56691431 0.39975676 0.76656424 0.30867954 0.79144093 8.52268384 14.59235530
0.04817590 0.59689066 0.41861134 0.76241043 0.28324255 0.78409539 8.44800564 14.59235530
0.10928279 0.61604781 0.41559251 0.75346162 0.28020621 0.76050218 8.47960872 14.59235530
0.14016255 0.65182018 0.41441380 0.75121446 0.25449309 0.73095457 8.47333005 14.59235530
0.17365041 0.67307927 0.40938105 0.75300771 0.23444805 0.70702413 8.49254627 14.59235530
0.19060292 0.69654881 0.42467173 0.76000662 0.21848526 0.68965906 8.59064886 14.59235530
0.19968586 0.66656672 0.39571431 0.75433371 0.22037528 0.69164128 8.41719183 14.59235530
0.23231109 0.64794500 0.37781774 0.75754602 0.19998314 0.66904154 8.30157433 14.59235530
0.26197181 0.61614068 0.36257507 0.76874179 0.17539994 0.64333440 8.18778652 14.59235530
0.29308871 0.56343564 0.35310938 0.78505497 0.15875498 0.62080444 8.09765751 14.59235530
0.32182848 0.51476309 0.35503369 0.79726607 0.15253413 0.60334878 8.05794052 14.59235530
0.34314295 0.48152613 0.36418074 0.80690586 0.14727915 0.59110216 8.04707704 14.59235530
0.35612168 0.49722440 0.38083598 0.80524341 0.13591057 0.60553136 8.03574733 14.59235530
0.37659192 0.51535140 0.39078280 0.80194916 0.12306098 0.62139490 8.01863037 14.59235530
0.40098317 0.53872943 0.40254841 0.80506480 0.09852070 0.63606623 7.98327911 14.59235530
0.45437688 0.56876060 0.41118689 0.81019782 0.07282853 0.64787907 7.97755493 14.59235530
0.51631683 0.60153206 0.40160447 0.82582210 0.04525563 0.64153537 7.97554325 14.59235530
0.57747241 0.60381911 0.40169316 0.84492277 0.03411402 0.61535024 8.01200363 14.59235530
0.56719960 0.61946868 0.39146075 0.85430799 0.08295609 0.65190728 7.97968056 14.59235530
0.56398735 0.59761911 0.38734901 0.85955974 0.05038262 0.65009656 8.00846501 14.59235530
0.54435480 0.61035464 0.40686732 0.81778447 0.03216287 0.61439498 7.98097272 14.59235530
0.51121934 0.66159033 0.39488927 0.82092263 0.03992055 0.59219492 7.89279272 14.59235530
0.52055982 0.68228156 0.39256576 0.83628476 0.05747214 0.57746877 7.86703660 14.59235530
0.50895031 0.65778412 0.40443896 0.81589214 0.04208578 0.56677347 7.89427726 14.59235530
0.50205273 0.65481310 0.41587670 0.82081246 0.04208522 0.55590233 7.90312354 14.59235530
0.51065266 0.65121236 0.42786558 0.81313232 0.03404113 0.53562122 7.91517447 14.59235530
0.51613487 0.64979002 0.43476510 0.80226152 0.02975337 0.53116923 7.92401697 14.59235530
0.51025694 0.65662059 0.47527806 0.81245070 0.02767134 0.52881432 7.93080234 14.59235530
0.52703934 0.64824567 0.42299073 0.77056563 0.00000000 0.52436511 7.84416072 14.59235530
0.47159405 0.66105651 0.45944028 0.75653337 0.00000000 0.44805620 7.85001421 14.59235530
0.42904980 0.64370844 0.41897632 0.71382555 0.00000000 0.37897825 7.78918774 14.51925460
0.48396627 0.68196159 0.49295239 0.76638814 0.00000000 0.44664502 7.85765294 14.57999074
0.46907736 0.71232269 0.51655571 0.74422176 0.00000000 0.39486972 7.83615437 14.54680749
0.45940584 0.71989563 0.52858515 0.74078757 0.00000000 0.38128212 7.83229846 14.55075373
0.45514298 0.72710242 0.53876861 0.73672067 0.00000000 0.37272003 7.82761215 14.55286833
0.44590456 0.73257755 0.54233527 0.73377708 0.00000000 0.36551633 7.82269629 14.55417068
0.44527046 0.73681178 0.54533899 0.73343001 0.00000000 0.35887354 7.82320256 14.54758367
0.44853651 0.73981639 0.55185388 0.73316295 0.00000000 0.35818551 7.82720869 14.54636855
0.44807929 0.73419511 0.55040223 0.73617069 0.00000000 0.35858323 7.82873024 14.54157383
0.44760374 0.72536528 0.55502633 0.73474742 0.00000000 0.35786802 7.83743954 14.54091315
0.43024437 0.60206769 0.56460493 0.69648001 0.00000000 0.21951261 7.87358612 14.58276650
0.43194395 0.72422394 0.60288443 0.72265150 0.00000000 0.28699554 7.85596006 14.57567459
0.41904918 0.69566840 0.63311119 0.72334138 0.00000000 0.22105422 7.88089342 14.58771407
0.39668371 0.61016690 0.60984121 0.72356815 0.00000000 0.10510067 7.90139278 14.50952265
