0.93295202 0.12252000 0.53499804 0.27786765 0.03862232 0.16298132 9.54373513 12.68414846
0.44613988 0.90272747 0.11289452 0.51607933 0.66944573 0.67342368 8.30061973 14.10750187
0.19852957 0.48441560 0.99329763 0.15947959 0.94399945 0.92730117 8.92375465 13.96252434
0.68043692 0.51670769 0.41546289 0.92157294 0.32486152 0.40917625 7.71197612 13.08329258
0.54852644 0.29021742 0.22411133 0.81374268 0.47944691 0.08033095 9.17776237 13.47003017
0.06469645 0.69555556 0.67694631 0.07591077 0.84470970 0.56757807 8.08758826 13.17996293
0.31413452 0.16046721 0.31204589 0.74854295 0.51159455 0.81363162 9.71244796 12.44357105
0.79896296 0.81763056 0.85914964 0.48680219 0.12677296 0.33432693 8.65361063 14.45608870
0.82638684 0.41748628 0.33744662 0.02217568 0.74492784 0.45493973 9.28525547 13.61314999
0.31027020 0.57281853 0.75955014 0.77567851 0.11011471 0.94401100 8.21731830 13.32304760
0.06068722 0.03808122 0.12841079 0.41547752 0.27724094 0.69012969 9.90186245 12.29879553
0.57585109 0.94525036 0.70624554 0.66166973 0.89249696 0.20874099 8.80258843 14.31127802
0.69225870 0.24985752 0.90539714 0.57370633 0.80440866 0.28661128 9.63884053 12.82723669
0.17901737 0.78007437 0.45256216 0.31985431 0.43527726 0.79887397 8.43602129 14.25062524
0.42652855 0.36196094 0.56819881 0.98900754 0.20958600 0.55282423 9.10752841 13.81771888
0.94462879 0.64424356 0.02109506 0.24243228 0.59040075 0.03261911 7.87337239 12.93852229
0.98253584 0.34268618 0.80059609 0.70655937 0.35862679 0.76475251 8.39196830 13.79927509
0.31199114 0.55361981 0.74627883 0.79717319 0.11000860 0.92029561 8.28702711 13.64794012
0.31145605 0.53692875 0.73486822 0.81404495 0.10858108 0.90182334 8.34394973 13.94853307
0.29547651 0.53923626 0.73429796 0.79582140 0.14299077 0.90468030 8.33967307 14.17151578
0.29697022 0.52676076 0.72339555 0.80634289 0.15144369 0.88919669 8.37618339 14.40810460
0.30587497 0.52070345 0.71112744 0.80309240 0.17926946 0.86893670 8.39942939 14.59235530
0.30909669 0.52669701 0.72923915 0.81383773 0.17968646 0.86063416 8.33899825 14.59235530
0.30868674 0.52242300 0.71579647 0.80539600 0.18478069 0.86352334 8.38077308 14.59235530
0.30233721 0.49830564 0.72513980 0.79280104 0.18406865 0.86900759 8.36648064 14.59235530
0.30422591 0.50564268 0.72282128 0.79591331 0.18472757 0.86760838 8.37016079 14.59235530
0.30367116 0.50485503 0.72321583 0.79510882 0.18471304 0.86831978 8.36990808 14.59235530
0.30336362 0.50424333 0.72353604 0.79431451 0.18465782 0.86888298 8.36963610 14.59235530
0.30298919 0.50349768 0.72379477 0.79376721 0.18462717 0.86934424 8.36938533 14.59235530
0.31954336 0.51318505 0.72877897 0.76740504 0.15654552 0.87387820 8.36161023 14.59235530
0.33685690 0.53093079 0.73384891 0.74263297 0.11896456 0.87349482 8.35787044 14.59235530
0.35973148 0.54471351 0.73785569 0.71508292 0.08117870 0.86400983 8.36148389 14.59235530
0.38345956 0.55451065 0.74079815 0.68989395 0.04260026 0.84792250 8.37649640 14.59235530
0.40813682 0.55500170 0.74348946 0.66647705 0.00359560 0.82430999 8.40280019 14.59235530
0.42381728 0.53223822 0.74753707 0.66118952 0.00000000 0.79312699 8.46144728 14.59235530
0.42109261 0.50798808 0.68467417 0.66846776 0.00000000 0.81216567 8.35221868 14.59235530
0.42358643 0.49016622 0.66111374 0.68152453 0.00000000 0.81422796 8.31023958 14.59235530
0.43645446 0.45671469 0.65113459 0.69139999 0.00000000 0.79862702 8.31655527 14.59235530
0.43093640 0.44689780 0.64461091 0.68922013 0.00000000 0.78440707 8.33236890 14.59235530
0.42417853 0.43355905 0.64241794 0.68129433 0.00000000 0.77071789 8.34809818 14.59235530
0.41540704 0.42388872 0.64018976 0.67605033 0.00000000 0.75442670 8.35096124 14.59235530
0.40892774 0.41974339 0.66332610 0.67588233 0.00961854 0.74000195 8.39360923 14.59235530
0.42912359 0.44597485 0.59685307 0.68013565 0.00000000 0.76975992 8.38555297 14.59235530
0.44445975 0.45558764 0.61494516 0.70165735 0.00000000 0.75558468 8.37907999 14.59235530
0.44325437 0.47024819 0.61441453 0.69495535 0.00000000 0.73827188 8.37721715 14.59235530
0.45643812 0.43840611 0.63086500 0.69088104 0.00000000 0.77957691 8.41595960 14.59235530
0.37972983 0.47210379 0.61995851 0.65518280 0.00000000 0.74820233 8.37487308 14.59235530
0.35794769 0.48040798 0.63385656 0.63160029 0.00000000 0.74821436 8.41054956 14.59235530
0.37347688 0.48308672 0.63226713 0.64577395 0.00000000 0.74491677 8.39261608 14.59235530
0.37347269 0.48278798 0.62879030 0.64615991 0.00000000 0.74354874 8.38251671 14.59235530
0.37807605 0.47925162 0.63388878 0.64693514 0.00000000 0.75389640 8.40962793 14.59235530
0.37224833 0.48452869 0.62537692 0.64567308 0.00000000 0.73036607 8.31865512 14.59235530
0.36244832 0.47961119 0.59641803 0.64063801 0.00000000 0.72994749 8.25480257 14.59235530
0.31909165 0.44622677 0.51864144 0.60913278 0.00000000 0.71735829 8.24212760 14.59235530
0.31232534 0.53498993 0.62239551 0.61824306 0.00000000 0.69162889 8.10790425 14.59235530
0.29334127 0.59208111 0.64904649 0.60375724 0.00000000 0.66034302 7.97843877 14.58643192
0.27566843 0.61647717 0.70538829 0.61393872 0.00000000 0.64964808 7.94156175 14.59235530
0.26171324 0.62925409 0.68772867 0.60815042 0.00000000 0.64013725 7.88164618 14.52092584
0.25798291 0.63207171 0.65742626 0.59772616 0.00000000 0.63377345 7.85172984 14.46941908
0.24188795 0.64800174 0.62740736 0.58617460 0.00000000 0.61406289 7.79180371 14.45136016
0.22587967 0.70397878 0.63477716 0.58102242 0.00000000 0.57959320 7.74988630 14.45735489
0.19496357 0.74668401 0.60664563 0.56618692 0.00000000 0.54143061 7.68460002 14.41605808
0.15307284 0.77591054 0.54763192 0.54014846 0.00000000 0.49625774 7.68460002 14.34674591
0.11480794 0.75173657 0.48842529 0.49947840 0.00000000 0.46692897 7.74591339 14.24917884
0.28809993 0.60077973 0.66127889 0.62318161 0.00000000 0.66600493 7.89390841 14.50753304
0.29330321 0.60096324 0.65589075 0.62395444 0.00000000 0.67011158 7.88880252 14.50486040
0.30747640 0.59761598 0.64972301 0.63096063 0.00000000 0.67924770 7.87586360 14.52052576
