0.98312906 0.36014533 0.50693987 0.24145985 0.52053236 0.71890120 9.68116930 13.57889227
0.46205773 0.84678357 0.21813276 0.89707746 0.01157978 0.29784766 7.72302514 12.78807603
0.18595038 0.08166411 0.83996608 0.26591254 0.48738394 0.12048495 9.00416606 12.91720502
0.63472386 0.56279405 0.37929197 0.61090603 0.98221291 0.91769863 8.35957079 14.57402725
0.54195379 0.20827566 0.11351402 0.73615500 0.83220441 0.53665033 9.37862518 13.43944498
0.02872140 0.69392732 0.66842666 0.39065797 0.32318346 0.48962001 8.60121537 14.08773995
0.36928289 0.49029578 0.29592196 0.77231117 0.17407151 0.18628074 9.87111428 13.92005585
0.82590295 0.97437591 0.99146710 0.11622054 0.66883164 0.85751808 8.06826872 12.41081924
0.79712245 0.05403059 0.33229820 0.45923006 0.08341298 0.99072015 9.19898544 13.21329396
0.25767550 0.53564882 0.88672242 0.67929982 0.57394326 0.03774284 8.70890799 14.29192242
0.09430114 0.26955374 0.01513228 0.04813491 0.92526483 0.35666128 9.76292092 13.83898579
0.58500936 0.75765684 0.71018924 0.82867620 0.41957618 0.68543156 8.24839136 12.47001081
0.73832828 0.39341763 0.78846647 0.95393267 0.26978012 0.80065679 9.50103885 13.64056885
0.19098127 0.87603293 0.49917146 0.17288785 0.76036362 0.22170269 7.83120872 12.70443092
0.41099917 0.17337889 0.62143299 0.55454103 0.73664696 0.41464456 8.89646580 13.12396243
0.89379973 0.65854229 0.16027026 0.33399826 0.23101202 0.61743851 8.53920063 14.34539135
0.91228331 0.13513512 0.90768988 0.80088484 0.96217158 0.19267921 7.80534132 13.06997505
0.36947816 0.49369926 0.29373920 0.77592577 0.16966604 0.18508460 9.86245348 14.12092165
0.37003316 0.49746320 0.29173381 0.78062298 0.16456785 0.18425777 9.85321786 14.39187000
0.37027464 0.49810960 0.29234373 0.78223902 0.16371289 0.18444066 9.85413534 14.59235530
0.36580598 0.48256027 0.32619897 0.76857381 0.19793084 0.18943641 9.92238339 14.59235530
0.37194358 0.49967565 0.32362047 0.78935806 0.18462806 0.18961565 9.84836035 14.59235530
0.36019021 0.47737476 0.26048122 0.75668706 0.18303347 0.18060998 9.93678090 14.59235530
0.36130609 0.48802105 0.20361982 0.77802728 0.18711867 0.17203492 9.92392202 14.59235530
0.31881065 0.48394666 0.18890186 0.75674387 0.17439710 0.17736292 9.96054535 14.59235530
0.32464599 0.47211220 0.18654494 0.74410074 0.18872186 0.17842655 9.98718511 14.59235530
0.31126395 0.41545311 0.16218049 0.73867276 0.17026118 0.15694686 9.98718511 14.59235530
0.32624264 0.37008667 0.16296146 0.73135637 0.18229948 0.14347078 9.98718511 14.59235530
0.32922949 0.31675533 0.14922969 0.74209472 0.17871200 0.16170615 9.98718511 14.59235530
0.29231729 0.30769782 0.16608631 0.74023717 0.19328336 0.10555020 9.98718511 14.59235530
0.35279919 0.32559200 0.13654284 0.70160527 0.12032527 0.16108328 9.98718511 14.59235530
0.40044606 0.29448989 0.11526813 0.66044376 0.09204277 0.15006825 9.98718511 14.59235530
0.41059928 0.27661303 0.09813338 0.64511672 0.06466475 0.12240425 9.98718511 14.59235530
0.46854664 0.29063792 0.08139863 0.59270788 0.00000000 0.10048508 9.98718511 14.59235530
0.43449845 0.29659057 0.07225865 0.66012907 0.08824119 0.04384854 9.98718511 14.59235530
0.40756825 0.30026981 0.10141801 0.66048819 0.07962977 0.08777616 9.98718511 14.59235530
0.37795681 0.27762367 0.07736992 0.63151443 0.08060439 0.10895346 9.98718511 14.59235530
0.47539242 0.27694995 0.06869419 0.69771025 0.05231954 0.12065727 9.98718511 14.59235530
0.52426433 0.22403446 0.00000000 0.73079382 0.07605708 0.09959433 9.98718511 14.59235530
0.46125407 0.23085408 0.08496423 0.69610773 0.06734431 0.07795310 9.84640170 14.59235530
0.45519364 0.23467999 0.06055063 0.70574256 0.06638521 0.08584209 9.69845936 14.59235530
0.46715470 0.24333514 0.00186518 0.72085935 0.07055686 0.10776002 9.46094175 14.52962068
0.45597722 0.26933829 0.00000000 0.74146781 0.07666899 0.12895643 9.28496247 14.46621269
0.45614514 0.28633575 0.00024611 0.75449119 0.08694143 0.14785825 9.15755111 14.39142668
0.46459194 0.37325381 0.05583233 0.78016542 0.08796310 0.19373331 9.06234016 14.43398759
0.47459248 0.38864815 0.07422683 0.78218848 0.09182041 0.21322418 9.09205799 14.48412730
0.48298246 0.36565783 0.10708199 0.75882541 0.06217893 0.23921948 9.06568045 14.50344609
0.50187473 0.33988211 0.14862483 0.72810236 0.01848219 0.29118625 9.03914424 14.47883829
0.51576007 0.32337400 0.18264487 0.71979574 0.00000000 0.34793151 8.95543875 14.39302976
0.52332293 0.31678593 0.20591211 0.72313804 0.00000000 0.38625454 8.91603936 14.35017658
0.53134949 0.32133287 0.23140147 0.72918060 0.00000000 0.41368834 8.92785266 14.38213506
0.54105920 0.28313593 0.25920095 0.72768916 0.00000000 0.42405843 8.97781249 14.42351532
0.51990093 0.36421716 0.21645198 0.71387464 0.00000000 0.43754049 8.91153919 14.43013389
0.45363413 0.44513852 0.20046147 0.69772488 0.00000000 0.46234369 8.84412659 14.44657831
0.43974404 0.45802300 0.22493499 0.68715577 0.00000000 0.53260401 8.78955875 14.35276404
0.45277069 0.44888446 0.23582054 0.68718095 0.00000000 0.53776649 8.79950339 14.35005448
0.45567678 0.44064052 0.22388225 0.69087715 0.00000000 0.52698768 8.81219890 14.33548171
0.41388749 0.43463524 0.26283131 0.67217725 0.00000000 0.50753513 8.77649158 14.35917211
0.40251862 0.39984169 0.29654994 0.65315656 0.00000000 0.48027869 8.79974654 14.36049476
0.35715143 0.37707415 0.31225608 0.62650498 0.00000000 0.44092127 8.79308645 14.38146931
0.32953460 0.35594125 0.32070850 0.59657797 0.00000000 0.42189860 8.79096572 14.34515395
0.29952118 0.35863551 0.34884594 0.58054244 0.00000000 0.40815981 8.75986418 14.33572425
0.26817611 0.35639191 0.36001301 0.55599181 0.00000000 0.38837905 8.73453311 14.30999537
0.24173834 0.36136211 0.38478683 0.53994500 0.00000000 0.37932774 8.70279905 14.28570811
0.21207220 0.36551419 0.39519280 0.51668413 0.00000000 0.35899398 8.67865849 14.24871913
0.18582267 0.37390076 0.41191643 0.49255930 0.00000000 0.34223143 8.65125202 14.21459441
0.18809924 0.37781256 0.44856157 0.50553094 0.00091685 0.35926175 8.63884010 14.21619650
