0.66699923 0.50954032 0.53336581 0.11441216 0.75291700 0.32728651 9.96522034 13.98614400
0.35877228 0.27078327 0.20472714 0.57448798 0.35365669 0.81657301 8.58099193 12.45530514
0.11209613 0.86399812 0.89857236 0.40211129 0.00609003 0.73663776 9.35474542 12.92885926
0.92838496 0.10177293 0.35514072 0.90886674 0.60829211 0.24352524 8.04017405 14.39394258
0.86853844 0.87605161 0.10137007 0.75996940 0.71308813 0.41629967 8.85276545 13.24910931
0.18457788 0.15392842 0.64479385 0.30015393 0.17472673 0.90749336 7.97045157 14.05570356
0.40690111 0.74650837 0.46656968 0.72350333 0.46772427 0.52270288 9.46330641 13.59618574
0.59842479 0.46960624 0.79521622 0.21649516 0.92789951 0.02753034 8.51120345 12.86325235
0.56010949 0.75900246 0.37779360 0.35674506 0.27360824 0.18697047 9.00289333 13.35997008
0.49407410 0.02122194 0.86067598 0.83215507 0.86030805 0.67624934 7.79896217 14.23280647
0.22292274 0.61355945 0.05550260 0.12856278 0.52824443 0.75195374 9.61561666 13.56179558
0.78139501 0.35231079 0.69859679 0.68241525 0.11348078 0.25884885 8.33753113 12.60967883
0.98430890 0.62683364 0.94456280 0.51789685 0.18836849 0.08799540 9.83427069 13.73596099
0.04253179 0.40373385 0.30146074 0.04222648 0.66429134 0.57918147 8.69957396 12.41752446
0.30287981 0.99670294 0.62226307 0.99679912 0.94154145 0.97600721 9.22148137 13.11160128
0.73659504 0.21882421 0.13938856 0.44319938 0.41892683 0.48084229 8.16107103 14.49916422
0.69701527 0.93982984 0.84174852 0.71114712 0.57738724 0.60802914 8.68850554 13.02947567
0.10983799 0.86526541 0.90090046 0.40188035 0.00327807 0.73791937 9.35729880 13.29638194
0.10794902 0.86651356 0.90293444 0.40175916 0.00096413 0.73899256 9.35958989 13.61022320
0.10519119 0.86862783 0.90599214 0.40150937 0.00000000 0.74050002 9.36300656 14.19839183
0.10315623 0.87030154 0.90828526 0.40139306 0.00000000 0.74156907 9.36557339 14.59235530
0.07226315 0.88985952 0.94220238 0.39788874 0.00000000 0.75584042 9.39424840 14.59235530
0.08784282 0.88378027 0.87647211 0.39933212 0.00000000 0.75087792 9.38450734 14.59235530
0.11761583 0.89371991 0.85105923 0.39872165 0.00000000 0.75660778 9.39597656 14.59235530
0.10820948 0.88511332 0.85250445 0.40521596 0.00000000 0.75178532 9.39690833 14.59235530
0.12080902 0.89440499 0.86953282 0.41677995 0.00000000 0.75867139 9.42741072 14.59235530
0.08071535 0.86799882 0.80984734 0.39430490 0.00000000 0.73730123 9.34443702 14.59235530
0.08133121 0.83700992 0.73831623 0.38228700 0.00000000 0.70510660 9.26354108 14.59235530
0.07001939 0.81310646 0.63475613 0.37711402 0.00000000 0.67116046 9.18881602 14.59235530
0.07997578 0.80989001 0.77231789 0.38179602 0.00000000 0.64006454 9.16354743 14.59235530
0.05494258 0.79680035 0.79107610 0.39899469 0.00000000 0.57674919 9.02982814 14.59235530
0.09302190 0.83659214 0.78852638 0.37881906 0.00000000 0.56413619 9.05152554 14.58588494
0.08725974 0.82973307 0.80646932 0.39605397 0.00000000 0.53366849 9.04982441 14.59235530
0.10322498 0.80985830 0.78670422 0.43917376 0.00000000 0.55598674 9.00144760 14.59235530
0.00000000 0.84851078 0.85488676 0.31566244 0.00000000 0.58250469 9.08782637 14.59235530
0.00000000 0.76236584 0.74264174 0.34217513 0.00000000 0.46169010 8.90760499 14.53971024
0.00000000 0.72527777 0.67933206 0.35217457 0.00000000 0.37399261 8.82051505 14.34755732
0.00000000 0.70554038 0.60775224 0.31035239 0.00000000 0.30605467 8.79227348 14.22555619
0.02937331 0.73262530 0.65484117 0.36522770 0.00000000 0.31797276 8.82404316 14.21109155
0.00000000 0.69062436 0.64764931 0.36038468 0.00000000 0.36279859 8.76686302 14.21107394
0.00000000 0.62460635 0.53318958 0.37362550 0.00000000 0.37308326 8.66744278 14.20252375
0.00000000 0.58783695 0.37354842 0.34251042 0.00000000 0.30326695 8.62620040 14.08026878
0.00000000 0.73424353 0.85215628 0.33247052 0.00000000 0.30631365 8.84198461 14.49818449
0.00000000 0.66089885 1.00000000 0.34329019 0.00000000 0.18157023 8.79207046 14.43149161
0.00000000 0.48310058 0.32240545 0.38266939 0.00000000 0.45843209 8.51600149 14.08289547
0.00000000 0.41459221 0.16464690 0.36229048 0.00000000 0.39597429 8.47654439 13.84650560
0.00000000 0.55847627 1.00000000 0.36491292 0.00000000 0.13891994 8.71552382 14.18367571
0.00000000 0.50179567 1.00000000 0.31918531 0.00000000 0.02905423 8.69940096 14.08008496
0.00000000 0.36542082 0.02772155 0.42505867 0.00000000 0.60611258 8.45891895 13.83772517
0.08227147 0.64852698 1.00000000 0.39048404 0.00000000 0.12778172 8.79613915 14.39675739
0.00000000 0.16114293 0.00000000 0.42790373 0.00000000 0.01450380 8.30421623 13.85124505
0.12672807 0.72084230 0.73064277 0.43973864 0.00000000 0.46081010 8.95706256 14.59130797
0.07717772 0.60281097 1.00000000 0.40963685 0.00000000 0.10150861 8.75641693 14.29287537
0.08869744 0.59644015 1.00000000 0.41897439 0.00000000 0.10831122 8.75358028 14.27386030
0.00000000 0.59124528 0.31738731 0.33779417 0.00000000 0.47628834 8.39290250 14.19463475
0.09997622 0.57440264 1.00000000 0.42331915 0.00000000 0.10292136 8.77873271 14.26906570
0.00000000 0.73952094 1.00000000 0.33609157 0.00000000 0.16390063 8.78410192 14.31515113
0.00000000 0.31114980 1.00000000 0.33136909 0.00000000 0.09874796 9.12895500 14.14286016
0.00000000 0.04508097 1.00000000 0.33792042 0.00000000 0.00000000 9.59397620 14.03536010
0.08374878 0.38996027 1.00000000 0.41708580 0.00000000 0.09186803 8.82369421 14.27330881
0.00000000 0.00000000 0.00000000 0.52636491 0.00000000 0.00000000 7.68460002 13.34862939
0.10048767 0.45022310 0.98491787 0.41990950 0.00071428 0.12693493 8.84077375 14.28196243
0.13229153 0.34910089 0.91059128 0.44791712 0.00000000 0.09939427 8.81194916 14.20154071
0.00507426 0.52032045 1.00000000 0.35219684 0.04097956 0.10798697 9.01738419 14.31599155
0.00000000 0.43580828 1.00000000 0.32728659 0.00000000 0.21797666 8.95998845 14.32554470
0.00000000 0.39645862 1.00000000 0.31020799 0.00000000 0.32665503 8.98794536 14.40206437
0.00000000 0.54526914 1.00000000 0.32886614 0.00000000 0.16037616 9.00531972 14.27964654
