0.41491360 0.48749175 0.19964136 0.86872986 0.06906664 0.95722845 8.39908524 14.02886891
0.97035903 0.73933261 0.61497533 0.13598842 0.76551261 0.33141176 9.05818963 12.39074201
0.65478028 0.08606638 0.39030184 0.62360331 0.64087577 0.12258666 8.02539373 13.14808021
0.20997776 0.84180966 0.80319819 0.38698202 0.46201448 0.74503112 9.86334340 13.63047078
0.06909658 0.24443579 0.74813078 0.27954772 0.33151693 0.75997039 7.75817208 13.17931538
0.51536395 0.99652080 0.07009556 0.73103756 0.52552322 0.38804446 9.69903252 13.80554634
0.85974464 0.32945874 0.93536567 0.02467462 0.88037859 0.15967285 8.57175815 14.56372415
0.30576404 0.58544617 0.25391627 0.98004371 0.20005073 0.53606957 9.31690872 12.78175534
0.32529702 0.03815948 0.99194788 0.66721629 0.81700351 0.67443580 7.87024555 13.40670632
0.75427427 0.78241667 0.32624794 0.33782341 0.01345634 0.05267870 9.44285413 13.92950198
0.62083074 0.38673220 0.67579911 0.91820980 0.39296070 0.27653369 8.81958771 14.32340261
0.04956766 0.63489181 0.01351335 0.09269688 0.71410996 0.90260907 9.21335981 12.65386562
0.15919859 0.29534599 0.44309273 0.20013116 0.57945577 0.60605360 8.43909204 14.30067107
0.72899681 0.53935904 0.87149344 0.81077554 0.27346499 0.23043626 8.87393740 12.48715109
0.89613844 0.13037085 0.13134611 0.44913722 0.13246158 0.44255725 8.20116539 12.88021416
0.46569635 0.87828632 0.56218444 0.55590246 0.95214819 0.81471088 9.83171185 13.54699023
0.49878484 0.18132183 0.36072691 0.04926238 0.48699193 0.21443607 9.01699187 12.99678540
0.40869896 0.49960614 0.22394643 0.83041827 0.13061230 0.90006999 8.46233120 14.05864133
0.40479052 0.50143642 0.21842447 0.84594562 0.12221725 0.89974973 8.47609299 14.16461171
0.39428209 0.50750319 0.22098776 0.86747193 0.12800809 0.87186878 8.53402645 14.26701391
0.40578463 0.50470841 0.21249231 0.83089573 0.11239297 0.91503448 8.45923710 14.27810984
0.41160562 0.50775686 0.21393130 0.78999430 0.11438368 0.93383597 8.43240139 14.42380565
0.41487162 0.50878535 0.21281473 0.77335038 0.10983459 0.94744052 8.41888513 14.59235530
0.41762482 0.50796146 0.20729815 0.77208342 0.09260653 0.95636207 8.40720867 14.59235530
0.42493117 0.50552031 0.21428308 0.76010216 0.07360147 0.94310901 8.40568254 14.59235530
0.43799726 0.50221321 0.23815448 0.78164002 0.08061493 0.94541724 8.38479752 14.59235530
0.45015183 0.50352999 0.23030778 0.77905391 0.07642129 0.89911975 8.40393958 14.59235530
0.45935517 0.52083255 0.22401964 0.78070816 0.08052218 0.93698328 8.41969209 14.59235530
0.42561804 0.51696339 0.23468233 0.78182449 0.08107615 0.91301186 8.33396026 14.59235530
0.42100194 0.53611201 0.25282908 0.77893476 0.08023942 0.90626226 8.35824728 14.59235530
0.42242499 0.49837833 0.26641913 0.76446548 0.07825761 0.91311663 8.32691898 14.59235530
0.43419401 0.48729990 0.21855136 0.78180839 0.08469453 0.91135329 8.25223339 14.59235530
0.43647766 0.52757616 0.25351545 0.78122124 0.08057616 0.94518942 8.22911949 14.59235530
0.40265375 0.52221970 0.29109741 0.72344422 0.04975850 0.93462763 8.26444384 14.59235530
0.47716225 0.51046955 0.20598002 0.77961628 0.04851521 0.86801581 8.11807594 14.59235530
0.37288431 0.50637872 0.33667388 0.66232954 0.01587308 0.97259180 8.14408721 14.59235530
0.39588412 0.55411419 0.34629358 0.72135603 0.04061939 0.87173591 8.25601766 14.59235530
0.39280636 0.56718384 0.39405766 0.69511752 0.02868625 0.84147508 8.23310346 14.58818113
0.39034495 0.58288635 0.42512614 0.68702208 0.01628606 0.80991538 8.22308856 14.59235530
0.38950764 0.59686002 0.46026018 0.67113432 0.00118336 0.77654165 8.21845446 14.58545519
0.38623166 0.60559976 0.47826867 0.66904291 0.00000000 0.75745812 8.22525464 14.56668131
0.38351676 0.61246390 0.49473848 0.66392690 0.00000000 0.73758339 8.23140662 14.56016880
0.37709256 0.62185715 0.51299304 0.65608578 0.00000000 0.71015499 8.23078076 14.56756564
0.37126895 0.62524687 0.52146815 0.66118418 0.00000000 0.68054129 8.22609656 14.56669133
0.36905601 0.62136835 0.51531741 0.66199838 0.00000000 0.66493473 8.21639004 14.53786154
0.37131789 0.61828229 0.50793443 0.66070517 0.00000000 0.66111908 8.20776573 14.51792221
0.37821104 0.61370996 0.44377891 0.65917487 0.00000000 0.61120338 8.17907434 14.51530587
0.39001463 0.60431321 0.53053272 0.66748311 0.00000000 0.81601951 8.18600692 14.59235530
0.39095148 0.60394781 0.54999332 0.67536143 0.00000000 0.83963584 8.15509379 14.59235530
0.39092882 0.60139149 0.57613806 0.67649333 0.00000000 0.87426688 8.09750282 14.59235530
0.38341723 0.59484774 0.60045935 0.67965403 0.00000000 0.91590935 7.96563596 14.59235530
0.36446162 0.58721378 0.62800078 0.66389132 0.00000000 0.97124826 7.80156100 14.59235530
0.34181428 0.59342950 0.66640182 0.67192899 0.00000000 1.00000000 7.68829774 14.59235530
0.33681538 0.59309926 0.67707835 0.66739438 0.00000000 1.00000000 7.68460002 14.54537448
0.33265299 0.58975166 0.67567050 0.66102198 0.00000000 1.00000000 7.68460002 14.53215168
0.28686415 0.58390901 0.68343374 0.63441602 0.00000000 1.00000000 7.68460002 14.54371280
0.17320101 0.55011012 0.61708047 0.54328079 0.00000000 1.00000000 7.68460002 14.49528886
0.32738617 0.57786751 0.67909775 0.65727259 0.00000000 1.00000000 7.75885136 14.53092788
0.29882711 0.61028292 0.73294389 0.60250038 0.00000000 1.00000000 7.89126113 14.58454507
0.22448476 0.61286307 0.78050766 0.58698954 0.00000000 1.00000000 7.80390022 14.53315268
0.29922148 0.57141220 0.67324211 0.64074106 0.00000000 1.00000000 7.79968571 14.51443837
0.30456159 0.56905986 0.67050581 0.63950971 0.00000000 1.00000000 7.79491998 14.51028596
0.00000000 0.53134668 0.45187342 0.42362660 0.00000000 1.00000000 7.68460002 14.36124200
0.35902383 0.58016096 0.65338205 0.67620919 0.00000000 0.92410304 7.68460002 14.53477720
0.00000000 0.49657959 0.15616364 0.52242040 0.00000000 1.00000000 7.68460002 13.99386107
0.29100987 0.54320609 0.61312176 0.63637408 0.00000013 0.97717952 7.72975981 14.46798494
0.21648447 0.58254662 0.68552840 0.58244428 0.00000000 0.99164668 7.74110405 14.46081188
