-113.04652776
-113.52842720
-108.83380883
-113.66757857
-113.58802563
-110.35224042
-114.44496212
-112.95730924
-113.08876871
-113.72902393
-115.84996742
-110.16721307
-91.22449617
-113.68242140
-113.33687467
-108.92116140
-113.64196856
-88.34211242
-87.53919450
-86.30118296
-80.31767557
-74.85580731
-70.03668485
-66.41527360
-63.79940408
-63.09313594
-62.84628940
-59.52940275
-53.46184673
-65.28273575
-54.95243157
-51.71108474
-50.96588656
-52.36557865
-52.26736801
-52.49337867
-41.74789609
-36.96605805
-34.49730400
-35.33802088
-32.10651500
-42.86856042
-35.97007644
-31.34933506
-30.41730411
-28.43219959
-26.14984809
-24.69431956
-22.42253119
-21.47060977
-19.06921784
-17.30232972
-15.91733901
-14.21898642
-14.33763121
-13.39401206
-12.05720757
-11.44964517
-11.08021612
-10.80924490
-10.67277002
-10.97215375
-10.91225785
-11.03930623
-10.44534394
-9.21876833
-9.19058531
