-114.97402928
-113.30991833
-109.28061930
-113.58466820
-113.06279102
-113.37344174
-107.72159031
-113.68324980
-113.01812103
-113.50403827
-113.51267927
-112.90240990
-113.44465745
-113.60174484
-112.90172793
-113.69521690
-113.37601970
-107.06709388
-106.56786068
-107.10101398
-105.45918086
-104.78665617
-104.79014824
-102.67106803
-100.63300513
-98.97716498
-96.65695761
-94.06837395
-90.73499071
-85.71716385
-81.94124149
-78.01760711
-72.14266797
-67.54484742
-64.45192375
-59.52305082
-48.09259055
-55.88554166
-49.33294666
-46.72875419
-45.62587620
-44.10057625
-43.78902367
-40.43406855
-30.28604244
-22.61632701
-19.73414023
-17.30292548
-27.66746482
-20.95796949
-18.82374760
-16.12352953
-14.72562817
-13.73480688
-12.65361601
-12.14962529
-12.17105603
-12.21828074
-12.29738750
-11.85265274
-11.48857254
-11.12114832
-8.74873667
-9.34214689
-8.69162027
-8.50010434
-8.15412035
