-113.70460703
-113.70929733
-113.14785576
-113.36686971
-113.61807586
-111.42272461
-99.16688048
-113.50389432
-113.61984616
-110.42978133
-113.67851664
-112.98002823
-112.14042862
-113.87878033
-112.21318245
-113.41567525
-113.81574723
-96.88421553
-92.26852789
-86.35888828
-78.04839596
-69.70415866
-60.76881963
-112.45526637
-108.38058455
-55.84219779
-107.70883079
-54.04139915
-54.62457680
-51.87127711
-52.77297556
-46.95638950
-43.28586526
-38.17213428
-33.60890058
-33.40610382
-32.48833134
-25.35991876
-18.60357012
-11.98686147
-9.03310525
-8.45329385
-12.94727601
-10.50692351
-8.59501451
-8.28972358
-8.20308158
-8.17746329
-8.19121975
-8.28422758
-7.96694563
-7.97716781
-7.85955950
-7.77767549
-7.73855737
-7.62279961
-7.65376886
-7.61675041
-7.58834611
-7.55782882
-7.53294440
-7.51237464
-7.48750294
-7.46358143
-7.43098645
-7.42624806
-7.69629344
