-319.10909534
-319.09135960
-319.01229407
-319.10723881
-314.91896436
-319.10109438
-320.27748378
-319.10917928
-319.32355256
-319.11253524
-319.11828883
-314.98860581
-314.37309314
-313.60300781
-312.78357733
-312.06090765
-311.64602874
-311.48014671
-311.03261885
-310.52618816
-310.10549659
-308.16538829
-304.64552428
-297.92508810
-286.27288046
-264.20028031
-245.33456045
-243.03100469
-241.43237677
-227.52293524
-204.38994294
-193.42606082
-173.03476457
-153.31563249
-159.31562942
-147.32422124
-136.35795045
-125.30425638
-109.71614268
-99.82052526
-91.92754300
-81.96494635
-78.84479677
-75.30070807
-76.09346476
-74.41031980
-70.43378232
-64.51218173
-65.22373255
-64.46944109
-58.81704841
-59.38782538
-59.73048084
-60.37139439
-59.53130846
-54.51772240
-51.72554972
-49.80798115
-47.78822949
-47.48805081
-49.97410993
