-319.06403717
-318.42064787
-319.11598413
-319.12228703
-319.18350495
-283.59145545
-319.04233541
-319.07391693
-319.10804692
-202.93556917
-319.12427630
-138.54900932
-244.74090172
-78.27541163
-72.36474291
-69.21929488
-71.03906914
-78.11913434
-69.12474850
-68.36185572
-67.61988775
-69.01601862
-64.72320539
-61.12362800
-58.58210161
-54.46573385
-58.93365342
-62.03401127
-52.05015573
-48.90626477
-48.98356344
-47.68156349
-45.40649915
-47.18506682
-43.06436100
-41.73103764
-41.81653979
-41.61339427
-41.45929309
-41.27444101
-41.12299915
-40.90195266
-40.68908772
-40.59331932
-40.47841546
-40.31365313
-40.28957519
-40.15055541
-40.12802375
-40.49028702
-40.22440430
-40.10991661
-40.12766031
-40.11728351
-40.11112796
-40.12603043
-40.11793951
-40.11121070
-40.13198059
-40.11088635
-40.30056609
