0.85138310 0.67396128 0.78837186 0.45459677 9.65783536 12.88898675
0.20723172 0.04317660 0.46996014 0.64728386 11.58856056 10.15331000
0.46238680 0.88932596 0.63395388 0.24966870 10.78676255 11.82832933
0.60412443 0.26635715 0.07750312 0.93063884 8.13030624 13.69587252
0.71066932 0.85577449 0.29911476 0.77454286 8.38039665 12.70602593
0.34801398 0.48659034 0.98851367 0.09222996 10.31279981 11.12616534
0.10261022 0.57895552 0.15250735 0.55374605 11.84778115 11.43006623
0.96383218 0.20195455 0.58824607 0.35971618 9.19300334 14.45342557
0.92757006 0.97222384 0.19336722 0.01299937 11.25159006 13.73323448
0.00604477 0.37265871 0.50044918 0.82238747 9.75316391 12.15137999
0.26123036 0.71780093 0.35194323 0.28457360 7.82025341 10.40400944
0.08609590 0.61608925 0.00000000 0.69436292 11.86686265 11.44157804
0.07018422 0.63204958 0.00000000 0.70281437 11.88005480 11.44677867
0.06699033 0.63839484 0.00000000 0.70096607 11.86809336 11.44247790
0.07616590 0.64689628 0.00000000 0.69902769 11.84537963 11.43349924
0.05461711 0.64163520 0.00000000 0.69839639 11.81142591 11.42424020
0.03909229 0.62308127 0.00000000 0.70570832 11.74902998 11.40110358
0.02230198 0.60230867 0.00000000 0.71848522 11.68738802 11.37244738
0.00228648 0.58368655 0.01182641 0.73430014 11.60844150 11.33587275
0.00072494 0.58150895 0.03064955 0.73685792 11.60573442 11.33467337
0.00000000 0.57469186 0.00130484 0.73938306 11.57663083 11.32037671
0.00000000 0.54365934 0.00000000 0.75732654 11.41260433 11.24502061
0.00000000 0.55789194 0.00000000 0.74918484 11.48597809 11.28521648
0.00000000 0.56640126 0.00239811 0.75269702 11.46896398 11.28563566
0.00000000 0.49825938 0.00000000 0.73758511 11.55687799 11.19700298
0.00000000 0.52910263 0.00000000 0.73775154 11.52874263 11.29365823
0.00000000 0.58177992 0.00000000 0.73860021 11.66183554 11.32088037
0.00000000 0.56846456 0.00000000 0.74390705 11.57888628 11.37104134
0.00000000 0.52361138 0.00000000 0.79823456 11.46029775 11.40714410
0.00000000 0.51631961 0.00000000 0.81201506 11.34489552 11.37839494
0.00000000 0.51857290 0.00000000 0.83561134 11.15464689 11.39923842
0.00000000 0.53815389 0.00000000 0.85498089 10.82972150 11.43397222
0.00000000 0.55649507 0.00000000 0.86630743 10.53397042 11.44931446
0.00000000 0.57537369 0.00000000 0.87969266 10.18888049 11.45149902
0.00000000 0.59134693 0.00000000 0.89518172 9.88066384 11.45416293
0.00000000 0.60918604 0.00000000 0.91863285 9.56051805 11.46046644
0.00000000 0.63593195 0.00000000 0.96638583 9.26454416 11.46748818
0.00000000 0.64903517 0.00604670 0.99569901 9.21908202 11.52479234
0.00000000 0.64712328 0.00251741 0.98356863 9.18411902 11.41950724
0.00000000 0.63415424 0.00460262 0.97358512 9.15873636 11.55002198
0.00000000 0.54558499 0.00669987 0.85572158 8.94505676 11.64338562
0.00000000 0.42374645 0.01156743 0.70065079 9.04897346 11.76056820
0.00000000 0.30685861 0.01732074 0.54853543 9.47407373 11.94305337
0.00000000 0.23249418 0.02783484 0.43939125 9.87977369 12.13618724
0.00000000 0.20782567 0.03418818 0.39608356 10.01084273 12.23502305
0.01312963 0.19243230 0.01946125 0.36963829 9.99773739 12.19034013
0.00000000 0.23112032 0.03239011 0.43369116 9.88761974 12.07288716
0.00000000 0.24220020 0.02805822 0.40055867 9.85163514 12.10050080
0.00000000 0.13885600 0.02312383 0.17144936 9.90391732 12.09533830
0.01869168 0.26834695 0.02618673 0.45789115 9.80654078 12.25186635
0.01894622 0.28061003 0.02811510 0.46427488 9.65147857 12.35085397
0.03031391 0.31787287 0.03102342 0.47123463 9.16528995 12.57831144
0.04867994 0.35980142 0.03479008 0.48163695 8.82414982 12.74143111
0.05946252 0.35067190 0.03654398 0.48950997 8.68988578 12.87612741
0.05195484 0.31631944 0.03691368 0.49503433 8.80852700 12.80864469
0.08399160 0.37622426 0.02346866 0.43213699 8.36103027 13.03478567
0.07673809 0.39927193 0.03665615 0.42363171 8.33067691 12.90149120
0.08026247 0.46318010 0.03569226 0.44430229 8.13301717 12.99324894
0.07740026 0.40451467 0.03655587 0.42648906 8.27252488 12.98049876
0.07352677 0.42603954 0.04850795 0.33076634 8.07157432 13.08076234
0.07338519 0.42974260 0.05476001 0.26889443 7.99467348 13.06215750
