0.87864824 0.90240323 0.07640739 0.56114800 11.49177864 10.74822837
0.13299523 0.44158615 0.95620772 0.03107360 8.73432049 12.35960669
0.42076871 0.72907175 0.31062816 0.84563211 9.29856229 13.90962618
0.66143139 0.17450509 0.65918324 0.31311499 10.85524951 12.06741506
0.60920136 0.58674226 0.76392150 0.41834325 10.36961439 10.02774447
0.34790707 0.00092425 0.14387821 0.88787259 9.92837358 13.08005559
0.06513918 0.79521430 0.62344975 0.23737661 8.24856240 14.34074112
0.82141262 0.36564672 0.47215361 0.70543885 12.12118588 11.63633533
0.80708473 0.63026678 0.50752961 0.97396795 8.41706001 11.95063312
0.04873587 0.21608008 0.40100276 0.44151139 11.16200141 13.52274845
0.27254403 0.98826208 0.86681039 0.68179006 10.61092636 12.81873892
0.06737130 0.79485222 0.62148841 0.24128773 8.25544072 14.33826882
0.05013734 0.79762631 0.63661334 0.21078911 8.20087553 14.35735753
0.02684676 0.80121467 0.65692342 0.16761262 8.11806662 14.38315396
0.00674754 0.80398121 0.67418946 0.12667583 8.02985333 14.40540279
0.00000000 0.80566867 0.68733698 0.08918472 7.93546285 14.42282293
0.00000000 0.80453801 0.67580496 0.12711420 8.03916824 14.40711018
0.00000000 0.80696766 0.67084878 0.18353463 8.24426472 14.39668510
0.00000000 0.80617779 0.66655714 0.19131067 8.25659554 14.39135055
0.00000000 0.79567173 0.61765597 0.25700602 8.30661229 14.33634379
0.00000000 0.78641192 0.57562894 0.31077605 8.33514478 14.29242350
0.00000000 0.77367459 0.52023973 0.37759622 8.34816706 14.23896675
0.00000000 0.75906955 0.45686459 0.44501005 8.33131552 14.18981721
0.00000000 0.74280796 0.30152475 0.50815961 8.28046164 14.16079080
0.00000000 0.75680504 0.46091470 0.44088048 8.31172216 14.22048862
0.00000000 0.72772970 0.45912107 0.49129595 8.20549045 14.33199306
0.00000000 0.70257889 0.43483726 0.56078194 8.15806094 14.37384692
0.00000000 0.66477466 0.40584957 0.67921818 8.12205193 14.41728406
0.00000000 0.69069107 0.40570911 0.68212833 8.13563350 14.40715289
0.00000000 0.67769642 0.00000000 0.85134085 8.08738643 14.47702441
0.41160637 0.73582086 0.28261195 0.87629638 9.26429199 13.95081897
0.43851444 0.72339218 0.34745434 0.80879510 9.35910260 13.84951839
0.03963249 0.21327457 0.40122587 0.43461987 11.18703314 13.53437922
0.00000000 0.68741039 0.40816542 0.70007168 8.13262361 14.41610553
0.38086384 0.74886843 0.22183309 0.93819696 9.16426874 14.04963641
0.35209187 0.75267625 0.18502426 0.97226700 9.07611884 14.12215735
0.32980846 0.75097585 0.15553565 1.00000000 8.99960275 14.18499550
0.00068135 0.69124930 0.41215760 0.72063083 8.13313614 14.42437311
0.01202607 0.20507303 0.40114685 0.41390352 11.26114380 13.57100022
0.00000000 0.68630122 0.40759551 0.71204384 8.13501370 14.41586064
0.26989662 0.99833281 0.87058894 0.68621877 10.61976772 12.82409258
0.31509094 0.74266612 0.13442790 1.00000000 8.94282690 14.22534492
0.30673450 0.72646533 0.11612036 1.00000000 8.89161564 14.25879582
0.03789953 0.21368696 0.40059244 0.43700133 11.19433958 13.53567920
0.00000000 0.68485306 0.40650961 0.72540129 8.13755287 14.40863831
0.00000000 0.68744588 0.40931011 0.70554166 8.14197063 14.43284933
0.31595831 0.76560809 0.15150317 1.00000000 8.99564416 14.19166556
0.00000000 0.68613958 0.41041582 0.70073899 8.17437501 14.45089110
0.31687136 0.66004489 0.09165280 1.00000000 8.79200854 14.31073779
0.32001690 0.62703837 0.07792972 1.00000000 8.73719045 14.34219635
0.00000000 0.69162978 0.41358526 0.69267357 8.14080856 14.45249175
0.31502975 0.62612474 0.07597624 1.00000000 8.72505531 14.34035452
0.00000000 0.69943958 0.42134101 0.65889420 8.12657845 14.48063996
0.29694226 0.61171595 0.07485436 1.00000000 8.66540579 14.30780880
0.03275657 0.23464806 0.37941923 0.53504910 11.28423538 13.52116695
0.02998380 0.25158399 0.35580817 0.62911309 11.36378936 13.51080231
0.66203424 0.15690557 0.66488069 0.29737938 10.86424495 12.08387653
0.29885611 0.61486948 0.07106759 1.00000000 8.66385412 14.33064098
0.29690741 0.61395604 0.06663949 1.00000000 8.59686746 14.38404883
0.00000000 0.70965911 0.43076734 0.61602476 8.10865294 14.51170319
0.02562067 0.27130481 0.31873822 0.75207999 11.44888928 13.51252473
