0.91998039 0.23060717 0.80135500 0.90006187 7.79899546 12.98945950
0.30098520 0.80196054 0.01114656 0.27044217 10.55194679 12.23603201
0.02657406 0.41128974 0.61206583 0.52370845 12.04479417 10.92638241
0.62602274 0.62130855 0.32542807 0.14550825 9.61610556 14.30141803
0.60423238 0.30729601 0.14353872 0.07945484 8.93284284 12.71412155
0.23487004 0.72239166 0.91897473 0.71494875 11.64872874 11.36228047
0.46827140 0.11294037 0.45769056 0.45380512 10.87493434 10.08204961
0.81808723 0.91671672 0.72980004 0.84175611 8.41142455 13.99197525
0.80057988 0.43887027 0.42067611 0.63097019 10.02118408 14.37808870
0.41595876 0.52388896 0.64182232 0.01108585 8.13188004 10.84958493
0.13178390 0.13321828 0.22712227 0.75776616 9.80461743 11.83598243
0.31544569 0.80381668 0.00811279 0.26226793 10.55185881 12.23768118
0.27778751 0.80210650 0.01080277 0.27123850 10.55181844 12.23621455
0.25702222 0.79205547 0.02809888 0.30797848 10.55265792 12.22725707
0.26182710 0.79432009 0.02086031 0.28777922 10.55244564 12.22892251
0.25716591 0.76500618 0.01685907 0.22880987 10.55378354 12.19743195
0.25324648 0.73861254 0.02691935 0.17758889 10.55521116 12.17089443
0.25313244 0.74799229 0.01464318 0.22953406 10.55530696 12.17909530
0.22989652 0.67859953 0.00000000 0.29429878 10.56139475 12.10664828
0.19961711 0.62239371 0.00000000 0.34814391 10.56554784 12.05159721
0.16071405 0.56304191 0.00000000 0.40463312 10.57090650 11.98726243
0.12624667 0.50565887 0.00060649 0.45827482 10.57736292 11.93308053
0.10221625 0.44848406 0.01599106 0.51980367 10.58565693 11.87154143
0.10487029 0.45707899 0.02028699 0.50720928 10.58414795 11.88584813
0.08911980 0.41421748 0.00000000 0.56189196 10.59091803 11.82454254
0.10724048 0.38790672 0.00000000 0.59566503 10.59585806 11.79535112
0.05406865 0.39464413 0.00000000 0.57140070 10.59496018 11.82485849
0.03382289 0.35595215 0.00107314 0.61754583 10.59881534 11.75325372
0.00760406 0.31329977 0.00376052 0.67377481 10.60091413 11.64347644
0.00000000 0.25013283 0.00875236 0.75420566 10.60264145 11.40623963
0.00000000 0.28635785 0.03052879 0.71249737 10.59723342 11.63475259
0.00000000 0.28493172 0.00000000 0.72877498 10.57973163 11.62793316
0.00000000 0.21871262 0.00000000 0.86079312 10.48771992 11.60449864
0.00000000 0.20348282 0.00000000 0.98528974 10.48136580 11.61406623
0.00000000 0.19470797 0.00000000 1.00000000 10.45459505 11.64460675
0.00000000 0.16795640 0.00000000 1.00000000 10.37596027 11.73999406
0.00000000 0.22337120 0.00000000 0.64149044 10.51660622 11.69609551
0.00000000 0.12326260 0.00448483 0.46715757 10.53159302 11.85425047
0.00000000 0.13297380 0.00000000 0.62167810 10.61634012 11.85405564
0.00000000 0.19240432 0.00000000 0.62317762 10.43446964 11.65225756
0.00000000 0.00000000 0.00000000 1.00000000 10.58145269 11.65923813
0.00000000 0.25267550 0.01316821 1.00000000 10.24022735 11.83379665
0.00000000 0.25308610 0.01576491 1.00000000 10.19184025 11.87109483
0.00000000 0.24491238 0.02169282 0.99458763 10.05014287 11.99715755
0.00000000 0.24345413 0.02620228 0.97913719 9.91229001 12.14739727
0.00183902 0.26967995 0.03987481 0.95563002 9.75273685 12.30495218
0.00047121 0.27956323 0.04465262 0.94334973 9.68896531 12.39489339
0.01104330 0.28758616 0.06149278 0.92205898 9.60600940 12.47121241
0.00250938 0.28288536 0.05611277 0.92124345 9.58187236 12.57500653
0.00000000 0.29416510 0.06901655 0.90556648 9.50332282 12.77977430
0.00000000 0.31256534 0.08845984 0.89456146 9.47403952 12.79721914
0.00000000 0.31210131 0.09468383 0.88809921 9.44854774 12.89048087
0.00000000 0.31474438 0.10658536 0.87393181 9.42547011 13.11811068
0.00000000 0.30682548 0.10668891 0.88088664 9.43904705 13.01826141
0.01144258 0.32865832 0.09929129 0.85077068 9.31876653 12.98491184
0.02528437 0.35630164 0.09560327 0.78917956 9.15016345 13.14485005
0.04270791 0.37470068 0.09371694 0.72151106 8.99099169 13.24525641
0.06044384 0.40223656 0.09171556 0.65820205 8.86043980 13.34242614
0.08246268 0.41834740 0.09052594 0.59235738 8.74758123 13.44814361
0.09141974 0.44005727 0.08784471 0.58396286 8.72086959 13.49364570
0.11900748 0.45099864 0.08227159 0.56424197 8.64873149 13.61910571
