0.49771618 0.83772049 0.14053793 0.20900673 8.67369669 12.92867522
0.98283130 0.30383103 0.93595677 0.92912812 12.14119541 11.25884655
0.53898724 0.60014050 0.38685114 0.49507818 10.00773882 10.66218227
0.05095813 0.00808392 0.68518418 0.65196714 8.84278540 13.45350682
0.24623553 0.69175110 0.85846882 0.55164832 9.64261828 12.85084147
0.73428037 0.16658966 0.09234685 0.33354110 10.80779549 12.18214230
0.78747608 0.99512571 0.60630005 0.77351126 11.62472808 10.44038413
0.30237668 0.39629421 0.34117013 0.11863646 8.15692599 14.52080182
0.33074000 0.55041594 0.50450932 0.29576629 11.98128499 13.77141331
0.81390230 0.09123280 0.30186570 0.57784217 8.54129662 10.98402359
0.63369959 0.76266625 0.75716232 0.00212576 9.28605575 11.50477971
0.50032263 0.84146765 0.13596054 0.20621578 8.66998632 12.92711949
0.51949472 0.86960283 0.10295986 0.18563438 8.64220882 12.91584068
0.53068632 0.88763528 0.08412257 0.17361814 8.62484469 12.90921005
0.53578611 0.90558028 0.08003775 0.16854543 8.61357331 12.90507586
0.55084217 0.85140395 0.02518057 0.15002158 8.59949114 12.90254707
0.56897121 0.81083008 0.00000000 0.12972084 8.56518553 12.89414431
0.55934387 0.79708904 0.00000000 0.14040688 8.59588550 12.89916670
0.55316826 0.77649808 0.00000000 0.14765773 8.61830681 12.90150364
0.55643177 0.76497930 0.00000000 0.14424402 8.62069219 12.89921275
0.51375891 0.78214600 0.00000000 0.19192919 8.61297829 12.92002302
0.47611348 0.77105579 0.00000000 0.23457683 8.54325901 12.93740666
0.44116121 0.75922942 0.00000000 0.27455650 8.46802664 12.95632925
0.39818427 0.74153373 0.00000000 0.32430572 8.37416955 12.98529086
0.35772500 0.71652086 0.00000000 0.37213698 8.27093313 13.01954452
0.32305816 0.68110282 0.00000000 0.41470854 8.15341688 13.05770291
0.29193203 0.63662055 0.00000000 0.45492008 8.01800284 13.10237005
0.26069532 0.58904876 0.00000000 0.49712093 7.86366781 13.15568348
0.22745898 0.54623660 0.00000000 0.54362848 7.68565458 13.21599120
0.18527828 0.50870824 0.00000000 0.60547689 7.68460002 13.29665534
0.16692865 0.49077533 0.00000000 0.63677510 7.68460002 13.35263594
0.12872264 0.47327384 0.00000000 0.72000058 7.68460002 13.59152006
0.16507939 0.49952837 0.00000000 0.63814189 7.68460002 13.32896011
0.17814933 0.55968791 0.00000000 0.61615659 7.70340591 13.34908997
0.17056985 0.47207762 0.00000000 0.64668808 7.68460002 13.22134582
0.17165456 0.47896392 0.00000000 0.63578200 7.68460002 13.30659083
0.14175166 0.49842669 0.00000000 0.58086409 7.68460002 13.38210616
0.17866148 0.49690971 0.00038742 0.66771066 7.68460002 13.37271147
0.18129711 0.49687845 0.00019433 0.66115853 7.68460002 13.38033633
0.18127478 0.49648526 0.00000000 0.67835904 7.68460002 13.38208590
0.18097046 0.49646423 0.00000000 0.66186765 7.68460002 13.37965025
0.17544468 0.50174419 0.05046893 0.68152236 7.68460002 13.37823099
0.18083308 0.49676944 0.00000000 0.67674888 7.68460002 13.37613033
0.18202468 0.49780949 0.00000000 0.66808920 7.68460002 13.38537397
0.18534684 0.50113720 0.00000000 0.67739057 7.68460002 13.40459361
0.19443131 0.51084834 0.00230236 0.72653622 7.68460002 13.46289265
0.20259061 0.51602327 0.00049436 0.78371458 7.68460002 13.50957579
0.21023272 0.52048485 0.00000000 0.82330463 7.68460002 13.54719944
0.21920725 0.52905579 0.00000000 0.87934656 7.68460002 13.59604333
0.23762946 0.54263880 0.00070228 1.00000000 7.68460002 13.69514723
0.23215658 0.54040838 0.00020338 0.97790474 7.68460002 13.65946711
0.22843925 0.53741135 0.00101114 1.00000000 7.68460002 13.63591435
0.23629571 0.54441981 0.00000000 0.93109997 7.68460002 13.67560038
0.24068568 0.54935996 0.00000000 0.90451101 7.68460002 13.69022924
0.25756043 0.56592947 0.00000000 0.83297142 7.68460002 13.76236902
0.27106036 0.57725855 0.00000000 0.76136195 7.68460002 13.83232375
0.28419971 0.58955385 0.00000000 0.69228489 7.68460002 13.88742090
0.29715666 0.60147033 0.00000000 0.63149033 7.68460002 13.93999480
0.30987350 0.61366246 0.00000000 0.57844534 7.68460002 13.99315293
0.32874371 0.63067503 0.00000000 0.51394071 7.68604394 14.07237696
0.33940051 0.64299676 0.00000000 0.48673792 7.69459079 14.10546603
