0.08386309 0.66141364 0.02771203 0.28774714 9.46628738 10.25488041
0.75522055 0.02545333 0.71107339 0.75187314 10.60258746 12.80697589
0.65833884 0.78923458 0.27331330 0.15468685 11.43216210 13.62776703
0.48692010 0.39790711 0.95665128 0.68082473 7.99812053 11.57478895
0.37180024 0.88651827 0.55215893 0.59289665 8.56668082 11.09003728
0.54297468 0.30134052 0.23551255 0.11760109 12.00574164 13.14308564
0.88620979 0.50653064 0.81136653 0.97644558 10.02883204 14.48103582
0.21460786 0.18160287 0.49471200 0.43816183 8.89762162 11.92872954
0.18694116 0.84464039 0.82720791 0.02233231 10.93159978 11.35026578
0.98421188 0.46844681 0.38603405 0.54841016 9.79388916 13.90681893
0.57097684 0.73198674 0.56707925 0.42004152 7.81330581 12.56441959
0.08076307 0.66040241 0.02264947 0.28482428 9.47057728 10.25035846
0.06569330 0.65577647 0.01462847 0.27067932 9.49095965 10.22868703
0.05534205 0.65240891 0.00000000 0.26090479 9.50546185 10.21950542
0.03479442 0.64596175 0.00000000 0.24150969 9.51016438 10.20084160
0.03179997 0.64062878 0.00000000 0.22464190 9.51665006 10.19887182
0.01718994 0.62713986 0.00000000 0.18360342 9.53563231 10.19239089
0.00134944 0.61981884 0.00000000 0.16646034 9.55910913 10.19035522
0.00000000 0.61715166 0.00000000 0.17831976 9.60760576 10.19750578
0.00000000 0.61133413 0.00000000 0.15548712 9.61956059 10.19753710
0.00000000 0.61449242 0.00000000 0.17144520 9.61896534 10.19864651
0.00000000 0.61432887 0.00000000 0.18003960 9.63328960 10.20131207
0.00000000 0.60760377 0.00000000 0.20452352 9.66859702 10.20561476
0.00000000 0.58545992 0.00000000 0.21999981 9.67190855 10.19655150
0.00000000 0.63123500 0.00000000 0.23097353 9.72144833 10.23471539
0.00000000 0.65556720 0.00000000 0.27173253 9.75814013 10.32617229
0.00000000 0.63039116 0.00000000 0.28132678 9.73209112 10.41476051
0.00000000 0.57955242 0.00000000 0.26711475 9.68000699 10.53312340
0.00000000 0.52601266 0.00000000 0.23142544 9.62758145 10.68188732
0.00000000 0.48368403 0.00000000 0.18151604 9.58856266 10.86460170
0.00000000 0.48280318 0.00000000 0.00000000 9.72817058 10.84877507
0.00000000 0.45694570 0.00000000 0.09157425 9.59058177 11.08244714
0.00000000 0.44728507 0.00000000 0.04212579 9.57722355 11.32089324
0.00000000 0.44872844 0.00000000 0.00967827 9.56792648 11.54501974
0.03443278 0.45002461 0.00000000 0.02302110 9.56625207 11.57938838
0.01301535 0.44891744 0.00172190 0.01059625 9.56374603 11.69002772
0.00838531 0.44890548 0.00759785 0.00000000 9.55963877 11.73468943
0.00317616 0.44975388 0.02787451 0.00000000 9.55583040 11.72929666
0.00449632 0.45391960 0.00825056 0.00000000 9.56083048 11.74473726
0.00000000 0.27699151 0.00763858 0.01034607 9.57794088 12.03587707
0.00000000 0.17822255 0.03824805 0.06244699 9.64258457 12.29906751
0.02884411 0.24127238 0.00389648 0.02548116 9.59571097 12.27043701
0.04147227 0.27256829 0.00000000 0.03244244 9.60960323 12.46899099
0.07359998 0.19817499 0.00000000 0.04537989 9.62800449 12.63430901
0.04678529 0.26580880 0.00874375 0.05088467 9.60977714 12.40829694
0.04550162 0.26583404 0.00951812 0.09080406 9.61831069 12.50340752
0.04521039 0.27637418 0.01345351 0.14652577 9.61761849 12.51819487
0.04365782 0.28432759 0.01837162 0.22131386 9.62466517 12.54605869
0.04284398 0.28098959 0.02123117 0.30199731 9.64267941 12.56602696
0.04249197 0.28125999 0.02194337 0.27849430 9.68341331 12.56998348
0.04221572 0.28586227 0.02264504 0.30959291 9.56275623 12.58316359
0.04034319 0.29994868 0.03630301 0.34205983 9.40847891 12.72015401
0.04015010 0.31871767 0.05050647 0.38703147 9.28300780 12.86502237
0.04006613 0.33348465 0.06745036 0.45616916 9.16334280 13.01359088
0.03926517 0.35320470 0.07939280 0.51092292 9.09844680 13.10021946
0.03423385 0.35191666 0.10066582 0.61651601 9.00821936 13.25503099
0.04325366 0.35635032 0.08539193 0.56550759 9.04483914 13.13764147
0.03452020 0.34996145 0.08630726 0.50306470 9.07210750 13.09704769
0.05239773 0.35763222 0.08170720 0.64709854 9.09779721 13.28365656
0.04360727 0.36024913 0.08394267 0.58612810 9.08591076 13.16331295
0.03980259 0.34130224 0.08598840 0.69583108 9.26512210 13.18963281
