0.24093826 0.40617680 0.05710311 0.47640019 0.08155295 0.38827342 6.88225388 11.80032763
0.54907014 0.98668151 0.63540774 0.80325782 0.55607964 0.81409896 5.12286595 12.23589872
0.85823174 0.07597954 0.41541312 0.06884288 0.77883012 0.68510539 6.51079100 13.78726437
0.41633500 0.53173055 0.77509834 0.64759439 0.36662209 0.11105691 6.05085849 9.61877682
0.36129449 0.19329873 0.50888070 0.51250728 0.49888055 0.25843883 6.35347588 13.25438060
0.92718833 0.66430840 0.18143241 0.21638086 0.89473307 0.94195777 5.66864638 10.22811576
0.72813379 0.27325919 0.90040289 0.91933241 0.67272071 0.55541991 7.12065928 11.19548357
0.04405240 0.86951133 0.29181802 0.37131211 0.21308850 0.23881287 5.42426776 12.77328639
0.08446941 0.04135653 0.95152113 0.12657057 0.62344472 0.04086040 6.17694071 13.49200061
0.64352733 0.57022550 0.37357668 0.57888775 0.02004301 0.72450229 5.84518367 10.47395747
0.95124793 0.49264535 0.59106730 0.28143494 0.29730013 0.77519419 7.22748302 10.94626866
0.26033059 0.89627234 0.23200155 0.98576449 0.83838318 0.45895437 5.31744190 12.53454239
0.45428676 0.35964025 0.49729425 0.85400560 0.95623919 0.16884216 6.77317509 11.49271949
0.77120772 0.77925832 0.82609504 0.43345721 0.43151166 0.59454475 5.23194249 11.92063084
0.57164105 0.15858774 0.10754976 0.69840904 0.15353162 0.90331736 6.69406996 14.11040266
0.13853336 0.70296000 0.71771588 0.02584828 0.74203885 0.32890167 5.86758179 9.93200626
0.15756233 0.13703853 0.32523447 0.89689356 0.31857560 0.59349092 5.00602583 13.99334854
0.15728929 0.13568984 0.32660833 0.89931187 0.31891065 0.59512335 4.99672825 13.15392300
0.15807240 0.13873785 0.32563174 0.89435321 0.32095558 0.59202593 5.01311761 12.98308242
0.14914788 0.05315770 0.32868278 0.96675848 0.29601572 0.61262119 4.99043259 13.02035488
0.16056725 0.14639249 0.32365278 0.87777059 0.32750668 0.58479683 5.04372797 13.00422144
0.15572219 0.14367086 0.32031555 0.89419863 0.31701065 0.58793843 5.10265669 13.07553716
0.15710258 0.14351330 0.31818991 0.87821857 0.32448786 0.58821936 5.04190824 13.04353201
0.15980222 0.12513536 0.33213287 0.85282320 0.30815528 0.59167007 5.06156197 13.07765015
0.15199165 0.12008527 0.29920760 0.86684451 0.33380284 0.58879963 5.05245599 13.06180528
0.14709090 0.13879994 0.31093911 0.87034804 0.30430520 0.59046618 5.04042291 13.04100966
0.15501175 0.18412827 0.31448086 0.88483759 0.31085585 0.57289712 5.01627818 13.05970707
0.16099309 0.19012114 0.31817196 0.87869194 0.31599925 0.58808124 5.02112335 13.04799340
0.13649381 0.17727750 0.33926760 0.87928605 0.31838995 0.55933365 5.00363570 13.05436728
0.17626890 0.16599895 0.32393029 0.87340819 0.30832077 0.55660484 4.99357688 13.04444153
0.15500104 0.19072071 0.35385915 0.86687728 0.29711175 0.63533721 4.99043259 13.03860512
0.17419367 0.18027300 0.32192066 0.86047605 0.29397468 0.61462754 4.99043259 12.99127060
0.15497511 0.18394659 0.40689595 0.85623047 0.29831543 0.60398226 4.99043259 13.05718214
0.15794158 0.18633497 0.48765265 0.84653855 0.29532200 0.60495259 4.99043259 13.14520316
0.15909857 0.19445911 0.57493209 0.83286633 0.29525261 0.61315862 4.99043259 13.22331831
0.13253296 0.19878585 0.70581510 0.82774595 0.28533666 0.63079544 4.99043259 13.32257534
0.14056107 0.20260231 0.74447100 0.81019883 0.28874565 0.63374542 4.99043259 13.24282323
0.12358737 0.19737800 0.81451494 0.80357556 0.27521376 0.64668846 4.99043259 13.25494630
0.13159508 0.18245302 0.90496031 0.76055022 0.26192433 0.66673394 4.99043259 13.27629614
0.11500718 0.21252105 0.83221375 0.79881359 0.26687158 0.64779403 4.99043259 13.22979263
0.12833012 0.22722659 0.76884560 0.80743379 0.27500238 0.63480010 4.99043259 13.20718732
0.10967846 0.28891267 0.81878737 0.78658310 0.25970823 0.63761387 4.99043259 13.25449987
0.06343750 0.45242554 0.85687609 0.69628341 0.22593884 0.65108664 4.99043259 13.27276094
0.00000000 0.61137317 0.87852011 0.64852726 0.18166920 0.66442031 4.99043259 13.19004375
0.14254380 0.17295431 0.78237181 0.82124875 0.28674886 0.63726108 4.99043259 13.24547185
0.02038731 0.65989630 0.79918196 0.58033527 0.17366119 0.64185446 5.01567760 13.06382418
0.00000000 0.25567993 0.00000000 0.38708097 0.10075017 0.87928144 4.99043259 13.05827339
0.02464909 0.80069405 0.93099123 0.54424221 0.15635331 0.52716530 5.09660092 13.23264406
0.11841088 0.19442430 0.98882895 0.77504132 0.23946412 0.65363084 4.99043259 13.28499687
0.21817480 0.07000052 0.43610213 0.90589937 0.42605718 0.43521994 5.15664409 13.57338000
0.12955371 0.20373412 0.98561562 0.75795875 0.23438114 0.65005953 4.99746922 13.23288583
0.14332104 0.21398746 1.00000000 0.75133398 0.20732282 0.63902131 5.00708836 13.19952017
0.29361481 0.65078872 1.00000000 0.57610331 0.00000000 0.76694082 4.99043259 13.05175159
0.00220719 0.52174842 0.99453324 0.60092034 0.16503500 0.49403103 5.00156455 13.10718319
0.00000000 0.39855314 1.00000000 0.57975872 0.15532037 0.34961424 5.02142812 12.94741672
0.00000000 0.29974940 1.00000000 0.53532751 0.14399334 0.17645466 5.03355439 12.87665993
0.00000000 0.27209518 1.00000000 0.63170212 0.19088855 0.37147874 5.03705425 12.87495353
0.00000000 0.64518654 1.00000000 0.57600142 0.06169780 0.25365758 4.99043259 12.87013201
0.00000000 0.28068325 1.00000000 0.62505698 0.20569912 0.41199697 5.03115583 13.01505902
0.00705364 0.27035440 1.00000000 0.64242714 0.21675519 0.44000855 5.03832281 13.04184039
0.12733251 0.17649256 1.00000000 0.74911947 0.22811208 0.59821051 5.01603669 13.17823858
0.00000000 0.67051068 1.00000000 0.29454080 0.02121484 0.01687553 4.99043259 12.81351716
0.13912324 0.15270534 1.00000000 0.76889400 0.20337100 0.64435605 5.13436907 13.23664125
0.16584342 0.22730487 1.00000000 0.76131600 0.20223640 0.41784846 4.99043259 13.16609069
0.15760969 0.14245312 1.00000000 0.79326786 0.25147909 0.59253252 5.12748183 13.29705160
0.10842464 0.19935201 1.00000000 0.75701286 0.26089553 0.51130898 4.99043259 13.23556410
0.15466890 0.15258628 1.00000000 0.73831671 0.19148985 0.59687252 5.05716021 13.16118181
