0.80564036 0.37791163 0.63226526 0.04540277 0.77828399 0.77786518 5.19952117 10.78481452
0.30943266 0.52632244 0.37661790 0.73602991 0.41694873 0.05827797 7.20584144 13.41893935
0.00718147 0.09101149 0.85104615 0.31631220 0.24017421 0.42341395 5.63191778 12.94499103
0.50339019 0.94261591 0.09533764 0.90249865 0.56635611 0.64718207 6.48464777 10.39859746
0.64908875 0.12664375 0.32141992 0.80846284 0.62674026 0.93726543 5.93645069 12.13451912
0.15286486 0.77503158 0.57810535 0.47272655 0.05448465 0.14931884 6.21693599 10.09376660
0.41312369 0.34219253 0.16520075 0.58424721 0.35235003 0.26840734 5.50549045 11.70098444
0.90934667 0.69375894 0.92182527 0.13431986 0.96757728 0.55272233 6.93500680 13.69005392
0.95140494 0.04408882 0.21397455 0.40184907 0.49023868 0.69584885 6.00949186 12.36367174
0.44738477 0.92692030 0.96657062 0.81708363 0.81251432 0.48404339 6.28780528 9.87345908
0.23595533 0.48723126 0.30769366 0.24111597 0.53030157 0.09920990 5.28846511 11.35478948
0.73997650 0.60438451 0.56035089 0.54019489 0.16506007 0.81513524 6.72029857 14.04509403
0.60784306 0.29535000 0.77080873 0.63951844 0.10473407 0.60525001 5.12865421 11.15788751
0.10380666 0.67821976 0.01912866 0.07917093 0.71605506 0.32508518 7.13279794 13.05472906
0.32988436 0.23605879 0.73952790 0.97194153 0.87717117 0.19420417 5.84662836 12.74271639
0.83391988 0.85323482 0.48790874 0.30912553 0.30100932 0.97067638 6.70167079 10.60973484
0.86237993 0.20141975 0.97685643 0.60949892 0.59445034 0.34444212 7.22182090 12.49481884
0.13405569 0.80844670 0.59311146 0.47231313 0.01674697 0.13355200 6.23174799 12.36966758
0.13449252 0.80774620 0.59298223 0.47097816 0.01756093 0.13506685 6.22735712 12.50143822
0.07246462 0.85357503 0.62758172 0.53904966 0.00000000 0.03471694 6.35910816 12.73510644
0.12585664 0.81416803 0.59806868 0.48072115 0.01326905 0.12497956 6.24808900 12.31977858
0.11962756 0.81721348 0.60216863 0.48632946 0.01139489 0.12037311 6.25885579 12.29612288
0.12572468 0.80941952 0.60170424 0.47929128 0.01505920 0.09348314 6.25847380 12.31279498
0.10155013 0.82828497 0.60840248 0.46966925 0.00332700 0.17268768 6.29587570 12.42106248
0.09754910 0.82460433 0.61479937 0.44163957 0.00000000 0.25736915 6.35328550 12.49524233
0.09641027 0.81752115 0.62645853 0.41403640 0.00000000 0.38903091 6.43636503 12.61974136
0.09377960 0.83044137 0.60824929 0.44507835 0.00000000 0.22974558 6.32272030 12.38533930
0.11658191 0.82367507 0.61756543 0.48165000 0.00000000 0.22866480 6.33173105 12.38468025
0.02902028 0.82056711 0.60707288 0.31502083 0.00000000 0.09502180 6.36365314 12.44141696
0.09669631 0.80439326 0.60591053 0.49196713 0.01014922 0.27826375 6.27039354 12.51194151
0.09700588 0.79271125 0.59745835 0.47605118 0.02020584 0.26530840 6.24367543 12.47749843
0.09402930 0.76907190 0.59055188 0.50638601 0.07221723 0.30915206 6.19233209 12.61176967
0.09062524 0.77852310 0.59007782 0.50621415 0.05484676 0.26823579 6.18177406 12.55178995
0.12562083 0.74274484 0.56703790 0.49635817 0.00000000 0.37802052 6.14061697 12.76035383
0.16344979 0.71483120 0.52825710 0.50321977 0.00000000 0.44527306 6.02683795 12.56853481
0.12911782 0.71983201 0.56446821 0.55825350 0.07006648 0.41733694 6.08447532 12.73870723
0.15751721 0.69978956 0.56270109 0.59264900 0.09713784 0.45912429 6.08111799 12.88869720
0.15882845 0.69015460 0.58227652 0.58253388 0.05070417 0.42047824 6.10988833 12.71600936
0.19724709 0.66040063 0.57415960 0.65141848 0.12933092 0.50117807 6.08650608 13.12151366
0.17759573 0.67789269 0.56887867 0.58313648 0.05285810 0.44057816 6.06228417 12.69876557
0.25720380 0.59172452 0.59462807 0.60247199 0.00000000 0.49123940 6.01407790 12.72513128
0.28846903 0.55167369 0.61037008 0.61169751 0.00000000 0.50241573 5.96023885 12.65098785
0.31432263 0.50452557 0.64689782 0.63614818 0.00000000 0.51460392 5.92536540 12.68410317
0.35569497 0.42429220 0.70782657 0.65852900 0.00000000 0.52783759 5.82611578 12.75416365
0.39336335 0.34307873 0.78171717 0.68604088 0.00000000 0.54857320 5.75530795 12.83050277
0.42170080 0.27838982 0.84119396 0.69903888 0.00000000 0.56073191 5.70209882 12.84537618
0.35947684 0.21899402 0.88325478 0.68798825 0.00000000 0.51700903 5.72055630 12.83440013
0.37975330 0.20051605 0.89013020 0.67488116 0.00896121 0.52425855 5.68737633 12.80100569
0.37528148 0.19808064 0.89789340 0.68416862 0.00608196 0.52159627 5.69298508 12.78231496
0.35612123 0.10836880 0.96793485 0.69400255 0.04219377 0.52145365 5.69150804 12.90344954
0.31877641 0.10115019 0.98132087 0.71200092 0.06126566 0.50242644 5.75874583 12.93388954
0.34277905 0.05957669 1.00000000 0.71038196 0.10417774 0.53210879 5.72463001 13.16560107
0.42183361 0.11198857 0.98958871 0.69368634 0.00000000 0.50652230 5.52471119 12.88022558
0.38154957 0.16173801 0.95021845 0.73119947 0.04845575 0.53326506 5.73635325 12.96332979
0.30833721 0.05226419 0.97582240 0.64350864 0.00000000 0.49183789 5.57636460 12.82521673
0.24398079 0.00000000 0.98061481 0.58668433 0.00000000 0.46632721 5.44685137 12.64214979
0.26643347 0.00000000 1.00000000 0.62389806 0.00000000 0.49313827 5.46857177 12.60690910
0.27199306 0.00000000 1.00000000 0.61652784 0.00431506 0.49294643 5.43846738 12.58639661
0.08995746 0.00000000 0.98668458 0.40685097 0.00000000 0.40609798 5.00302978 12.54474423
0.04383334 0.00000000 0.98774242 0.52288915 0.00000000 0.38720977 5.17342473 12.55352191
0.00000000 0.00000000 0.29220399 0.48937601 0.00000000 0.00000000 4.99043259 12.47354305
0.21164459 0.00000000 1.00000000 0.57847576 0.00976046 0.47122400 5.39148498 12.63535850
0.15643730 0.00000000 1.00000000 0.54710160 0.00300876 0.45287206 5.27582703 12.54868446
0.00000000 0.01240045 0.86655277 0.72160885 0.21806459 0.50430050 4.99043259 12.71936694
0.04609239 0.02152056 0.42107211 0.55994860 0.22987519 0.11574843 5.49914377 12.49219997
0.00194517 0.34999513 0.93362460 0.51310364 0.13334186 0.04804490 5.72150172 12.42136352
0.50810648 0.36314759 0.97795929 0.77423719 0.10188964 0.60233829 5.72656665 13.34534975
