0.87522766 0.28912399 0.37767695 0.61464288 0.98907919 0.46964941 5.36750940 13.89869963
0.43564438 0.82115658 0.93723111 0.23192800 0.10301291 0.97500256 6.57667432 11.62362753
0.07731774 0.15054997 0.18356474 0.89719355 0.29012611 0.53264808 5.85569097 9.89517614
0.61040593 0.74501274 0.63182201 0.26429583 0.67649761 0.03895062 7.23475611 12.17130637
0.71168825 0.10079822 0.75421793 0.44307008 0.53264442 0.27541285 5.59737942 10.23124543
0.22549029 0.50779338 0.30599034 0.84148531 0.43432835 0.77786648 6.95846409 12.99300274
0.27326587 0.45806308 0.55964826 0.03751068 0.24674402 0.71435705 5.08615282 13.56721087
0.79095893 0.92750225 0.00006227 0.68598667 0.84475489 0.21586893 6.31329756 10.80636290
0.82876986 0.21375903 0.60572130 0.81124204 0.05952285 0.08356179 5.79914420 10.63776563
0.35795276 0.68181990 0.07936872 0.41276650 0.90758737 0.58116884 6.72068577 12.58903643
0.15600116 0.35239600 0.83303807 0.71622900 0.71992665 0.89460947 5.13630329 13.16619610
0.65782507 0.75790080 0.35157709 0.06781524 0.37167895 0.39315923 6.22720494 11.21386662
0.50814212 0.39625593 0.22918032 0.13906432 0.47784102 0.17138358 5.45364681 14.01287280
0.05317797 0.98929320 0.71060948 0.52195968 0.61414415 0.66596975 6.52655040 11.50296102
0.44458639 0.03905402 0.45695456 0.35716238 0.80130322 0.85837776 6.09342510 9.77746067
0.99354372 0.56952139 0.98333683 0.98987390 0.16518329 0.35201360 7.03296411 12.28646363
0.93944002 0.02719420 0.10125966 0.01458688 0.64987789 0.64436345 6.67057595 9.70547426
0.22614059 0.50659284 0.30560152 0.84490514 0.43134314 0.77793201 6.96211299 13.39534882
0.22704919 0.50577165 0.30530428 0.84829907 0.42841076 0.77814854 6.96711110 13.89835622
0.22747573 0.50551386 0.30511185 0.84982275 0.42710521 0.77835761 6.97017607 14.05833670
0.22736211 0.50518732 0.30485476 0.85027484 0.42667086 0.77830937 6.97051987 14.00098926
0.22706084 0.50270532 0.30298694 0.85670267 0.42102766 0.77818218 6.97570957 13.98855442
0.22612373 0.49236732 0.29561218 0.88627234 0.39521181 0.77692031 6.99455833 13.99652777
0.22614065 0.49401772 0.29659517 0.88574562 0.39754964 0.77701338 6.99167121 13.74691410
0.22665997 0.49435307 0.29659599 0.88967536 0.39411823 0.77682654 6.99370775 13.70280596
0.22635711 0.49064351 0.29474219 0.89085392 0.38393480 0.77390320 6.98815610 13.68186676
0.22501106 0.48625259 0.29258633 0.89030993 0.38396401 0.77213080 6.98238187 13.62465530
0.22851862 0.50346699 0.30181026 0.90208116 0.38183889 0.77848012 6.99765774 13.61120222
0.22194513 0.46974946 0.28479942 0.89851391 0.38842906 0.76971270 6.98114324 13.62303760
0.22401595 0.47254703 0.28587413 0.88510449 0.37644078 0.76671323 6.97279874 13.61362546
0.22664701 0.46930081 0.28510033 0.87454884 0.36490214 0.76300844 6.96428032 13.60076483
0.23121797 0.47279414 0.28835897 0.86526589 0.35501984 0.76199097 6.96082909 13.57681398
0.23804788 0.47831561 0.29466570 0.86797095 0.35395555 0.76444785 6.96575780 13.56221748
0.23470352 0.47902867 0.29287183 0.87015673 0.35467503 0.76120796 6.95546759 13.55785574
0.25114177 0.47207304 0.30396960 0.88912446 0.36120596 0.75966743 6.94139306 13.57275425
0.26059044 0.46804179 0.31129419 0.90264145 0.36292236 0.75108044 6.90269483 13.59582136
0.26360923 0.46651962 0.31814374 0.90768697 0.36149962 0.73663646 6.83133507 13.59971950
0.25865188 0.46802683 0.32324843 0.90623767 0.35936205 0.72100287 6.74728392 13.58923063
0.24788753 0.47125851 0.32802692 0.90157164 0.35784409 0.70560211 6.65556236 13.56123267
0.23392957 0.47395722 0.33241150 0.89440457 0.35628782 0.69231990 6.56875078 13.52326668
0.21328566 0.47454928 0.33910037 0.88125458 0.35186801 0.67759991 6.45942993 13.48669108
0.19339186 0.46955925 0.34720406 0.86268207 0.34480863 0.66561803 6.35912278 13.43851068
0.17122784 0.45854967 0.35742973 0.83725110 0.33274493 0.65458551 6.25474596 13.39493449
0.14836425 0.43925645 0.36934096 0.80744323 0.31544070 0.64481215 6.15207000 13.33765520
0.13102202 0.41511285 0.38106934 0.77979884 0.29666443 0.63715436 6.06834147 13.25394126
0.12275326 0.39345506 0.38890024 0.76146259 0.28294442 0.63210807 6.01796439 13.17547874
0.10850199 0.36646893 0.41210206 0.70751577 0.26239410 0.62529177 5.90406996 13.19223797
0.14981729 0.36731550 0.38745072 0.78459252 0.28429612 0.62919030 6.05277213 13.16278763
0.12128040 0.41432052 0.40103611 0.77522025 0.27683096 0.63040151 6.08380418 13.15603102
0.14024719 0.38946600 0.35087392 0.77370403 0.28432112 0.63887907 6.01133893 13.17617633
0.14406592 0.39664119 0.33219325 0.77305646 0.27643333 0.64302979 5.98939239 13.13068448
0.16193732 0.41518919 0.36763732 0.78837598 0.27160379 0.64636789 6.00047766 13.13734430
0.17175881 0.42848009 0.38582335 0.79051676 0.27036049 0.65414323 5.99348687 13.14524810
0.16719939 0.42663215 0.38033572 0.78611645 0.27108104 0.65609384 5.99100862 13.13771082
0.15402630 0.40254276 0.36623506 0.79133594 0.27964671 0.65209702 5.92136587 13.12775256
0.15075140 0.39189042 0.37269908 0.80857723 0.29419931 0.66424932 5.82039984 13.14770851
0.14979515 0.38432510 0.38783618 0.82339760 0.30939070 0.68241034 5.75606822 13.18579557
0.15213571 0.37848156 0.40927405 0.84283569 0.32421536 0.73917606 5.78502095 13.26430695
0.15515080 0.37899149 0.41071864 0.83590852 0.32160556 0.74962211 5.79847654 13.24496869
0.17838163 0.37108803 0.40152638 0.87265247 0.34057434 0.72222937 5.68754674 13.30206967
0.18664415 0.36963536 0.39961035 0.87990669 0.33509396 0.71431304 5.67258537 13.28303346
0.21879696 0.36100999 0.40300234 0.90596851 0.33263635 0.71155692 5.63188789 13.30463852
0.21220199 0.34801832 0.39577685 0.90354490 0.34056211 0.68135076 5.73439999 13.29474680
0.22320693 0.36731984 0.40431694 0.89692592 0.32124686 0.68977007 5.65757689 13.27278972
0.24312444 0.37368058 0.44299653 0.89899169 0.30667927 0.69393116 5.63970103 13.29429407
0.21391017 0.37375108 0.45052496 0.88280953 0.31883610 0.67183248 5.73658674 13.27808488
0.19837871 0.37723723 0.43850262 0.87587407 0.32036929 0.65861576 5.68832614 13.26072155
