0.28729628 0.47354918 0.22860167 0.93217329 0.29698944 0.01043277 6.95437628 11.70892495
0.61146643 0.73897654 0.58625586 0.31755661 0.51112910 0.62591220 5.01602476 12.56220436
0.84761946 0.10509434 0.36025383 0.65004192 0.90419325 0.78991289 6.46281574 13.60286990
0.05457648 0.87085547 0.94007724 0.09961980 0.16271866 0.40881035 6.09854913 9.87108023
0.15843588 0.21016124 0.70976617 0.14299832 0.09174650 0.13068619 6.15124365 13.69374607
0.99039360 0.94473580 0.09817903 0.60720843 0.85013446 0.51521055 5.79596739 10.49979584
0.72654593 0.33619417 0.82444808 0.42309979 0.73440597 0.91370616 7.22913133 10.89821090
0.42571677 0.57043112 0.49851185 0.82705401 0.44868260 0.29481250 5.28178121 12.36550115
0.45857428 0.03006498 0.75623160 0.52718243 0.58546549 0.45822180 6.29418130 14.11371521
0.62646771 0.76424042 0.42592015 0.22309726 0.35644212 0.84323828 5.64206767 10.36421553
0.89094106 0.39232851 0.65289874 0.80564312 0.24462345 0.74148595 7.08700401 11.04489363
0.19167477 0.62684156 0.04573260 0.44468951 0.93849939 0.12210783 5.43655714 11.91644087
0.07968715 0.29403608 0.30735749 0.29998855 0.80703949 0.33815149 6.82208218 11.56560644
0.75542159 0.55985873 0.88378176 0.94979143 0.00105241 0.95314647 5.16265370 12.97865096
0.51989422 0.15856935 0.15653615 0.01574335 0.39801923 0.61738750 6.59422487 13.16154764
0.31278837 0.92405822 0.51763524 0.73410480 0.66885840 0.23677706 5.95111861 10.02128541
0.34456345 0.13946142 0.38402648 0.39483390 0.14701969 0.97825978 5.11309463 13.27561950
0.74418385 0.55634445 0.85889297 0.92155886 0.02099064 0.93540638 5.17225334 13.05849513
0.74947480 0.55806424 0.87050191 0.93528442 0.01144251 0.94366010 5.16769454 13.07704991
0.73953527 0.55745065 0.87414037 0.94991423 0.00142445 0.94659327 5.16202065 13.10252787
0.74354741 0.55739884 0.86905486 0.93826966 0.00935344 0.94256307 5.16664719 13.10099136
0.76817410 0.56106070 0.88394240 0.94187592 0.00568668 0.95178819 5.16597039 13.13797999
0.77683565 0.56226323 0.86379826 0.95280389 0.00165207 0.94472547 5.16697351 13.12915653
0.77763468 0.56395018 0.88542067 0.95267025 0.00617854 0.93912551 5.17602394 13.12124600
0.75636810 0.55943670 0.85998273 0.96093610 0.00000000 0.97799675 5.20476280 13.13903393
0.76886681 0.56014611 0.85511720 0.94266533 0.01275691 0.97828524 5.22657178 13.13157093
0.77068617 0.55995427 0.84782877 0.94663159 0.00000000 0.93735693 5.15997778 13.10598626
0.76559558 0.55789082 0.83231221 0.94367588 0.00000000 0.93129188 5.16630134 13.08607811
0.79797197 0.56586485 0.98426789 0.93993153 0.00000000 0.94671909 5.12999151 13.26603997
0.75466833 0.55336346 0.81953117 0.93730305 0.00000000 0.93312635 5.18371991 13.08486995
0.74931772 0.54531262 0.86996894 0.93870038 0.00000000 0.94659494 5.19825712 13.10446720
0.74722141 0.58991212 0.86318304 0.93633933 0.00000000 0.96973945 5.13518105 13.12646062
0.74262284 0.59207706 0.85070539 0.93611923 0.00000000 0.93490544 5.18503828 13.08726998
0.75603298 0.56244780 0.85901939 0.93639031 0.00000000 0.97125420 5.11018942 13.08981107
0.75161132 0.55427823 0.85934508 0.93462580 0.00000000 0.96431536 5.13047904 13.08157845
0.75327479 0.55798531 0.85884202 0.93465195 0.00000000 0.95281504 5.15051031 13.08157522
0.74164613 0.55949749 0.85125539 0.92828520 0.00000000 0.93724021 5.17489245 13.07908765
0.84972124 0.58499767 0.86161479 1.00000000 0.00000000 0.96518861 4.99043259 13.18381861
0.83357309 0.57736213 0.87672823 0.98289009 0.00000000 0.97345120 4.99043259 13.11111140
0.82226983 0.57134722 0.85731409 0.97847160 0.00000000 0.96987578 4.99043259 13.09613677
0.79911327 0.55980219 0.88715711 0.96871687 0.00000000 0.95305372 4.99043259 13.10056557
0.78718842 0.55868103 0.87266657 0.96054695 0.00000000 0.91870727 4.99043259 13.08608125
0.79164377 0.56350232 0.86136108 0.96329175 0.00000000 0.90618794 4.99043259 13.08063305
0.82734234 0.60330330 0.87807073 0.98095781 0.00000000 0.88838593 4.99043259 13.10677951
0.78974084 0.60382799 0.89861062 0.96350541 0.00000000 0.93072092 4.99043259 13.10039789
0.82769490 0.55515813 0.89924945 0.98421345 0.00000000 0.88459247 4.99043259 13.11784112
0.81707319 0.54895548 0.90393960 0.97570752 0.00000000 0.89199490 4.99043259 13.11317355
0.84234965 0.54252955 0.86782349 0.98395032 0.00000000 0.83711522 4.99043259 13.11013686
0.74098728 0.55379663 0.55071499 0.92040275 0.00000000 0.85949489 5.00951706 13.16500240
0.81794913 0.53486782 0.90492056 0.98314978 0.00000000 0.73612075 4.99043259 13.13551300
0.80955172 0.53265729 0.90366868 0.97620698 0.00978603 0.70480083 4.99043259 13.10576821
0.77956001 0.52537069 0.90101500 0.97504000 0.02015855 0.63105260 4.99043259 13.11722399
0.68194807 0.51006970 0.89845147 0.92915249 0.00000000 0.48055283 5.01562432 13.17473496
0.61855249 0.49248627 0.79694553 0.86210259 0.00000000 0.34222828 4.99195950 12.97681640
0.54088928 0.47125013 0.86979781 0.82716331 0.00000000 0.18399980 4.99043259 12.93813661
0.45550455 0.44842854 0.96134379 0.77145624 0.00000000 0.00000000 4.99043259 12.76213566
0.55720671 0.47558319 0.83907751 0.83814174 0.02658540 0.21017027 5.03391820 12.87933208
0.75646813 0.51601757 0.88469613 0.94422315 0.00110133 0.58104718 4.99043259 13.01986046
0.57815324 0.49079742 1.00000000 0.89109813 0.00000000 0.26601469 4.99043259 12.66978155
0.72100445 0.51622707 0.89863637 0.96944947 0.03823095 0.74111894 4.99043259 13.14045965
0.71872152 0.50218939 0.98340832 0.91875926 0.00000000 0.60903945 4.99043259 13.10157147
0.64402765 0.44438520 1.00000000 0.87840247 0.00000000 0.65196638 4.99043259 13.07648495
0.66573410 0.45397923 1.00000000 0.89029196 0.00000000 0.66283130 4.99043259 13.03091752
0.53527164 0.36839977 1.00000000 0.81552774 0.00000000 0.64538519 4.99043259 13.04672993
0.41908305 0.27809628 0.99441230 0.71034740 0.00000000 0.64686165 4.99043259 12.95854124
0.39397453 0.24525113 0.94538800 0.81125087 0.05692696 0.76074614 5.22552807 13.10231401
0.64592021 0.32104929 1.00000000 0.84509775 0.00000000 0.67167296 4.99043259 13.03815086
