0.90460869 0.41945175 0.10206782 0.85902666 0.54298555 0.40872963 5.86015381 12.27034696
0.41096061 0.66508346 0.71741784 0.37660205 0.26282593 0.56891810 6.49424960 11.81430681
0.10927195 0.18733885 0.27745872 0.62799076 0.23480911 0.91235193 5.16426017 9.62265700
0.58340303 0.93296290 0.91623158 0.10653440 0.95443568 0.06460533 6.90467455 13.88423760
0.69386237 0.06584565 0.56470842 0.22011234 0.85667861 0.26881327 5.47618725 10.65362368
0.24609657 0.82019966 0.23866396 0.51502408 0.07432346 0.74156087 7.16266663 13.43109654
0.30391924 0.32933059 0.80356109 0.26349468 0.42312818 0.77340069 5.61902745 12.75951652
0.76338953 0.58369220 0.37596904 0.97249920 0.64104785 0.23821322 6.16320816 10.74745222
0.84898310 0.21925168 0.82209291 0.59693392 0.33146298 0.02266654 5.30391306 10.24373723
0.34360012 0.97270540 0.49995433 0.13796230 0.61162324 0.98747860 7.05333667 13.26323735
0.14544132 0.48713112 0.55984851 0.89058698 0.88976545 0.51904471 5.72097961 12.78349260
0.67034132 0.74059250 0.13616303 0.34564711 0.17013917 0.49179089 6.34609252 11.30123923
0.56009563 0.26407736 0.34675649 0.48194569 0.01789201 0.16307130 6.03752266 12.08532241
0.00687723 0.51063982 0.95820090 0.75343496 0.80024747 0.81532423 6.60867422 11.42158577
0.44945128 0.02756990 0.02300439 0.00118837 0.70132403 0.65848435 5.05819709 10.15931802
0.99096516 0.77412476 0.65787043 0.73358485 0.48340502 0.31867140 6.71767926 13.92533971
0.94639930 0.03216725 0.45755335 0.31097547 0.99633501 0.86552802 6.52111457 10.00423698
0.22772352 0.82191423 0.21520787 0.52857620 0.04717154 0.75048166 7.20172165 13.12825397
0.22286299 0.82226409 0.20934284 0.53205088 0.03965296 0.75269223 7.21114623 12.83009918
0.21893782 0.82158461 0.20523332 0.53469303 0.03400966 0.75475538 7.21497434 12.63158143
0.21614406 0.81868917 0.20339345 0.53635976 0.03046235 0.75682308 7.20796912 12.55155928
0.21191708 0.78875556 0.21052955 0.53684803 0.02816460 0.76528737 7.07962033 12.55560170
0.20294669 0.74421544 0.21626451 0.54026807 0.02484519 0.77831564 6.90098095 12.50177523
0.19366076 0.67430978 0.22599151 0.54437347 0.03257923 0.79368378 6.61735936 12.44458675
0.17216280 0.61492961 0.21558050 0.55953830 0.03491629 0.81276581 6.42105192 12.44773894
0.17929551 0.59674974 0.22267279 0.55445268 0.05321607 0.80829514 6.33587027 12.34711786
0.17074285 0.58661097 0.21641183 0.56071882 0.05198299 0.81432415 6.31292047 12.35486583
0.16239196 0.52869120 0.23290638 0.56754799 0.01575341 0.83352656 6.08373045 12.39094725
0.18095579 0.52484433 0.25022077 0.55405948 0.03442585 0.82070983 6.04040630 12.23663168
0.17606394 0.52069880 0.24671946 0.55739352 0.02813645 0.82507581 6.02922585 12.23694423
0.14104814 0.46671468 0.43031893 0.56015146 0.00000000 0.85635649 5.76164374 12.39867306
0.18559628 0.50691214 0.43907983 0.53803327 0.02199812 0.82297714 5.90034749 12.40139108
0.16065447 0.49686915 0.46661717 0.54170083 0.02455224 0.83104792 5.85959325 12.40737255
0.11951430 0.50072285 0.56446985 0.52121409 0.03874845 0.81518546 5.83937616 12.63390497
0.07844245 0.47093760 0.66717893 0.49380518 0.07073546 0.79899547 5.68509131 12.64848904
0.08758257 0.48165147 0.57155221 0.51991855 0.03709818 0.81333765 5.74194824 12.50026169
0.07224236 0.47655516 0.60584224 0.51004491 0.04790321 0.80422981 5.70436890 12.51522076
0.02442750 0.45325724 0.64186805 0.49953764 0.06438860 0.78374039 5.56559539 12.54959729
0.00000000 0.42929815 0.65676347 0.49372605 0.09756106 0.75471397 5.43448366 12.53940403
0.00000000 0.37103729 0.61800265 0.51449277 0.10344435 0.70552517 5.10301217 12.58457964
0.00000000 0.28108958 0.64071322 0.56055153 0.09789748 0.66526878 4.99043259 12.50776075
0.00000000 0.30698310 0.64044098 0.54685058 0.14395708 0.66283134 4.99043259 12.52675745
0.00000000 0.28565799 0.64713338 0.56521899 0.14038464 0.65818736 4.99043259 12.54455537
0.00000000 0.21758284 0.67122637 0.59410425 0.19159526 0.61118006 4.99043259 12.88251352
0.00000000 0.12761459 0.70493979 0.64994836 0.23861697 0.58091317 4.99043259 12.95735057
0.00135071 0.07182379 0.70134919 0.68474668 0.27510593 0.56676914 4.99043259 12.99225717
0.00000000 0.09437407 0.65004017 0.67656827 0.23394188 0.59135686 4.99043259 12.89196729
0.00076555 0.10544107 0.65963439 0.67615200 0.25119548 0.58713050 4.99532770 12.91364355
0.00160556 0.10942763 0.65521580 0.67562521 0.25320409 0.58699999 4.99683412 12.91093470
0.00000000 0.58596175 0.38955028 0.24050673 0.00000000 0.61336044 4.99043259 12.60122226
0.05053204 0.00000000 0.64334409 0.70391049 0.30503752 0.57893613 4.99043259 13.08041491
0.00945872 0.05084142 0.62693630 0.66919250 0.24819174 0.59344274 4.99043259 12.93938097
0.00000000 0.12374868 0.61541657 0.69565893 0.25789340 0.59907599 5.00121437 12.96119976
0.00000000 0.00579432 0.72383046 0.64786777 0.23432469 0.54284845 4.99043259 12.91177928
0.00000000 0.00000000 0.86096250 0.48354495 0.08030956 0.41694387 4.99043259 12.79508694
0.00000000 0.00000000 1.00000000 0.31085507 0.00000000 0.01068343 4.99043259 12.69753898
0.00801571 0.04824330 0.66783597 0.69156483 0.24294904 0.54954716 5.04284681 12.93213358
0.01799856 0.03957552 0.66285008 0.69615042 0.25072582 0.55358821 5.05097727 12.97159114
0.03373561 0.01996558 0.64565619 0.73182046 0.25756975 0.52174403 5.16300026 13.06345720
0.03352088 0.03731756 0.65218474 0.70793566 0.26213024 0.52870386 5.13365743 13.02856797
0.02364097 0.04582289 0.67316905 0.68580555 0.25079905 0.55350449 5.08494850 12.94768340
0.03628007 0.05322367 0.63039642 0.71033698 0.25607442 0.52840152 5.17966099 13.04554470
0.00000000 0.30221148 0.64770952 0.55735446 0.13847145 0.66916171 4.99746247 12.55355406
0.00000000 0.39297665 0.59582297 0.49113226 0.06256532 0.69782732 5.03849873 12.69767106
0.00670174 0.05007273 0.69540474 0.67085792 0.24479397 0.55488436 4.99043259 12.91049849
0.07622292 0.13605175 0.58246977 0.72202884 0.22879561 0.51876919 5.34845929 13.15365461
0.00000000 0.27155100 0.65583412 0.57615387 0.15625968 0.65418442 4.99043259 12.60201827
