-104.46484548
-104.81576569
-103.68018387
-103.49606801
-103.41919763
-102.93265457
-103.10401665
-102.58680693
-100.10248654
-97.20736356
-91.81377090
-84.29591218
-81.93062825
-83.76988355
-71.84756362
-79.15777706
-52.92127374
-42.51724381
-33.75864163
-37.09507189
-42.32920086
-35.13723612
-32.97319528
-32.84066135
-32.96543463
-34.23806643
-34.80301288
-34.42488077
-38.29197464
-32.96842841
-61.03344076
-29.56383985
-28.88285075
-27.07568633
-26.24935961
-23.28142318
-22.94420736
-23.63563823
-21.06211448
-21.58434506
-18.44885018
-17.86100746
-18.36408078
-18.24788666
-17.18370510
-15.54370741
-14.55093426
-13.47362321
-12.91120319
-12.34452828
-11.95500871
