-88.77578989
-88.94181861
-87.65267647
-85.93403824
-84.59461945
-87.19780295
-82.31125667
-77.51229018
-76.04226733
-60.06523568
-47.26805118
-34.70235084
-29.02608306
-118.28253096
-26.52920528
-17.03975771
-11.99030793
-10.48903049
-8.94228559
-23483.33838808
-101.18595945
-110.07232204
-110.17568072
-8.70822131
-76.85497067
-55.57320775
-43.53267338
-8.76000592
-109.58070939
-8.70100768
-112.38740143
-39.74150471
-36.53765767
-110.10934495
-8.74149609
-8.63737670
-47.12041417
-8.64490002
-16.88646012
-14.63987660
-8.59164584
-13.13548206
-8.51898428
-11.57904646
-108.82991017
-107.06788005
-113.50203055
-10.63976248
-9.76614611
-8.44633530
-102.77481547
