-101.51778085
-101.36103322
-100.53699941
-100.30447231
-100.48981017
-98.48997744
-97.97719570
-97.50633985
-97.31365284
-97.76263503
-94.36296722
-91.05361465
-87.53681879
-82.42364253
-75.81166130
-66.67242845
-54.06165567
-38.69766964
-23.31334244
-11.49582742
-10.85608754
-70.36761139
-11.27435807
-21.01186522
-12.47946780
-10.97557986
-22.96849103
-10.21562423
-10.19796483
-10.20318247
-10.20574216
-18.96542580
-10.20481755
-10.17204198
-10.08627944
-9.85907859
-9.72733866
-9.65610063
-9.48958204
-9.40513644
-9.31682743
-9.38610195
-9.25086842
-9.17829330
-8.98417622
-8.84496256
-8.73477117
-8.65012590
-8.54946599
-8.44553643
-8.36487161
