-111.80056810
-92.45455100
-85.62020043
-83.97483463
-88.26990665
-76.92452252
-66.51364654
-53.74146257
-47.92475091
-61.70219804
-40.36673498
-40.32489424
-39.96344142
-40.92123063
-41.84203191
-40.07171185
-40.27684438
-39.67346088
-39.13073584
-38.60800498
-37.74258731
-36.59296592
-35.83207365
-35.17529423
-34.77502295
-34.50848647
-34.40788390
-34.43225822
-34.90954278
-34.08745838
-33.10531481
-30.60852109
-27.53383180
-25.71696314
-25.92677295
-27.50337167
-26.12542110
-25.47848802
-37.40450539
-23.91081147
-22.43895331
-19.78567106
-16.94264115
-16.42028532
-19.91382186
-16.65626354
-14.51471053
-17.44011379
-13.73345747
-13.21397780
-12.61419593
