-105.47293291
-104.68741224
-101.88649544
-97.02628256
-91.23053439
-90.18243232
-84.13810475
-75.63866775
-74.57821279
-74.57641057
-74.53963078
-74.45018602
-74.30500892
-74.60429233
-73.33860700
-70.25635839
-67.16878272
-62.88909350
-57.30559901
-50.30479575
-50.84808621
-42.29901921
-35.48386021
-33.60013594
-44.99490007
-32.66892261
-32.42860579
-37.86926321
-32.38858321
-38.36398795
-34.14653951
-25.49470028
-25.69893698
-37.36081571
-22.22932525
-21.58551570
-21.01615478
-20.72129240
-20.64227917
-20.74466698
-20.27630953
-18.91440377
-17.57583722
-16.60750356
-15.53109613
-16.89260705
-15.63191999
-15.76925667
-15.90058909
-15.16315536
-16.19465095
