2.174600195312500000e+04
2.187215234375000000e+04
2.199942968750000000e+04
2.212790429687500000e+04
2.225764648437500000e+04
2.238873046875000000e+04
2.252122070312500000e+04
2.265519335937500000e+04
2.279071679687500000e+04
2.292786132812500000e+04
2.306669531250000000e+04
2.320728906250000000e+04
2.334971289062500000e+04
2.349403320312500000e+04
2.364032226562500000e+04
2.378864843750000000e+04
2.393908593750000000e+04
2.409169921875000000e+04
2.424656445312500000e+04
2.440374804687500000e+04
2.456332421875000000e+04
2.472536523437500000e+04
2.488994140625000000e+04
2.505712695312500000e+04
2.522700000000000000e+04
2.539962890625000000e+04
2.557509375000000000e+04
2.575347070312500000e+04
2.593483398437500000e+04
2.611926757812500000e+04
2.630684765625000000e+04
2.649765625000000000e+04
2.669177343750000000e+04
2.688928515625000000e+04
2.709027343750000000e+04
2.729482812500000000e+04
2.750303320312500000e+04
2.771497656250000000e+04
2.793075000000000000e+04
2.815044531250000000e+04
2.837415820312500000e+04
2.860198242187500000e+04
2.883401367187500000e+04
2.907035742187500000e+04
2.931110742187500000e+04
2.955637109375000000e+04
2.980625585937500000e+04
3.006086523437500000e+04
3.032031250000000000e+04
3.058470898437500000e+04
3.085416796875000000e+04
3.112880664062500000e+04
3.140874609375000000e+04
3.169410937500000000e+04
3.198501953125000000e+04
3.228160742187500000e+04
3.258400000000000000e+04
3.289233593750000000e+04
3.320675000000000000e+04
3.352737890625000000e+04
3.385437109375000000e+04
3.418787500000000000e+04
3.452803125000000000e+04
3.487500390625000000e+04
3.522894140625000000e+04
3.559001171875000000e+04
3.595837500000000000e+04
3.633420312500000000e+04
3.671766406250000000e+04
3.710893359375000000e+04
3.750819921875000000e+04
3.791564062500000000e+04
3.833144921875000000e+04
3.875581250000000000e+04
3.918893750000000000e+04
3.963101953125000000e+04
4.008227343750000000e+04
4.054289843750000000e+04
4.101312890625000000e+04
4.149317187500000000e+04
4.198326562500000000e+04
4.248362500000000000e+04
4.299451171875000000e+04
4.351614062500000000e+04
4.404878125000000000e+04
4.459267578125000000e+04
4.514808984375000000e+04
4.571527734375000000e+04
4.629451562500000000e+04
4.688607421875000000e+04
4.749023828125000000e+04
4.810728906250000000e+04
4.873752343750000000e+04
4.938123828125000000e+04
5.003872656250000000e+04
5.071031250000000000e+04
5.139630078125000000e+04
5.209701171875000000e+04
5.281276953125000000e+04
5.354390625000000000e+04
5.429075390625000000e+04
5.505365625000000000e+04
5.583296093750000000e+04
5.662901562500000000e+04
5.744217578125000000e+04
5.827279296875000000e+04
5.912124218750000000e+04
5.998788281250000000e+04
6.087308593750000000e+04
6.177722656250000000e+04
6.270067578125000000e+04
6.364381640625000000e+04
6.460701953125000000e+04
6.559067968750000000e+04
6.659517968750000000e+04
6.762088281250000000e+04
6.866818750000000000e+04
6.973745312500000000e+04
7.082907812500000000e+04
7.194342968750000000e+04
7.308085937500000000e+04
7.424175781250000000e+04
7.542646093750000000e+04
7.663532812500000000e+04
7.786870312500000000e+04
7.912691406250000000e+04
8.041028125000000000e+04
8.171910937500000000e+04
8.305368750000000000e+04
8.441429687500000000e+04
8.580118750000000000e+04
8.721460156250000000e+04
8.865475000000000000e+04
9.012182812500000000e+04
9.161599218750000000e+04
9.313737500000000000e+04
9.468608593750000000e+04
9.626217968750000000e+04
9.786571093750000000e+04
9.949664843750000000e+04
1.011549531250000000e+05
1.028405234375000000e+05
1.045532187500000000e+05
1.062928359375000000e+05
1.080591328125000000e+05
1.098517656250000000e+05
1.116703984375000000e+05
1.135145859375000000e+05
1.153837968750000000e+05
1.172774687500000000e+05
1.191949218750000000e+05
1.211354296875000000e+05
1.230981562500000000e+05
1.250821796875000000e+05
1.270864843750000000e+05
1.291100312500000000e+05
1.311515625000000000e+05
1.332097343750000000e+05
1.352831875000000000e+05
1.373704218750000000e+05
1.394697656250000000e+05
1.415794218750000000e+05
1.436975781250000000e+05
1.458222656250000000e+05
1.479513593750000000e+05
1.500825468750000000e+05
1.522135312500000000e+05
1.543418750000000000e+05
1.564648750000000000e+05
1.585799062500000000e+05
1.606840156250000000e+05
1.627743281250000000e+05
1.648476718750000000e+05
1.669009531250000000e+05
1.689307656250000000e+05
1.709338125000000000e+05
1.729065468750000000e+05
1.748454531250000000e+05
1.767468281250000000e+05
1.786070312500000000e+05
1.804222343750000000e+05
1.821887343750000000e+05
1.839026562500000000e+05
1.855602187500000000e+05
1.871576406250000000e+05
1.886910625000000000e+05
1.901568750000000000e+05
1.915513125000000000e+05
1.928708593750000000e+05
1.941119843750000000e+05
1.952714062500000000e+05
1.963458593750000000e+05
1.973323437500000000e+05
1.982280156250000000e+05
1.990302187500000000e+05
1.997365312500000000e+05
2.003447812500000000e+05
2.008530625000000000e+05
2.012596875000000000e+05
2.015633125000000000e+05
2.017628437500000000e+05
2.018575312500000000e+05
2.018468750000000000e+05
2.017307500000000000e+05
2.015093125000000000e+05
2.011830000000000000e+05
2.007526406250000000e+05
2.002192812500000000e+05
1.995842968750000000e+05
1.988493437500000000e+05
1.980163906250000000e+05
1.970876250000000000e+05
1.960654843750000000e+05
1.949526250000000000e+05
1.937519218750000000e+05
1.924664687500000000e+05
1.910995000000000000e+05
1.896543593750000000e+05
1.881346093750000000e+05
1.865438750000000000e+05
1.848859062500000000e+05
1.831644531250000000e+05
1.813833125000000000e+05
1.795464062500000000e+05
1.776576250000000000e+05
1.757208437500000000e+05
1.737398750000000000e+05
1.717185625000000000e+05
1.696607187500000000e+05
1.675699843750000000e+05
1.654499531250000000e+05
1.633042187500000000e+05
1.611362500000000000e+05
1.589493593750000000e+05
1.567467187500000000e+05
1.545315000000000000e+05
1.523067187500000000e+05
1.500752187500000000e+05
1.478396562500000000e+05
1.456027187500000000e+05
1.433668906250000000e+05
1.411344843750000000e+05
1.389076718750000000e+05
1.366885625000000000e+05
1.344791406250000000e+05
1.322812031250000000e+05
1.300964140625000000e+05
1.279263750000000000e+05
1.257726093750000000e+05
1.236364062500000000e+05
1.215189687500000000e+05
1.194214687500000000e+05
1.173449765625000000e+05
1.152903750000000000e+05
1.132585156250000000e+05
1.112501093750000000e+05
1.092658515625000000e+05
1.073063750000000000e+05
1.053721406250000000e+05
1.034635546875000000e+05
1.015810312500000000e+05
9.972490625000000000e+04
9.789539843750000000e+04
9.609265625000000000e+04
9.431686718750000000e+04
9.256815625000000000e+04
9.084654687500000000e+04
8.915200000000000000e+04
8.748453125000000000e+04
8.584410937500000000e+04
8.423060156250000000e+04
8.264385156250000000e+04
8.108373437500000000e+04
7.955010156250000000e+04
7.804273437500000000e+04
7.656138281250000000e+04
7.510582812500000000e+04
7.367585937500000000e+04
7.227116406250000000e+04
7.089144531250000000e+04
6.953643750000000000e+04
6.820586718750000000e+04
6.689939843750000000e+04
6.561668750000000000e+04
6.435745312500000000e+04
6.312132812500000000e+04
6.190802734375000000e+04
6.071716406250000000e+04
5.954844921875000000e+04
5.840150000000000000e+04
5.727601562500000000e+04
5.617161718750000000e+04
5.508800390625000000e+04
5.402478906250000000e+04
5.298168359375000000e+04
5.195832812500000000e+04
5.095436328125000000e+04
4.996948046875000000e+04
4.900336328125000000e+04
4.805566796875000000e+04
4.712605078125000000e+04
4.621420703125000000e+04
4.531983984375000000e+04
4.444262109375000000e+04
4.358221484375000000e+04
4.273833984375000000e+04
4.191070703125000000e+04
4.109900000000000000e+04
4.030291015625000000e+04
3.952218359375000000e+04
3.875649609375000000e+04
3.800560156250000000e+04
3.726919140625000000e+04
3.654702734375000000e+04
3.583880859375000000e+04
3.514430078125000000e+04
3.446321484375000000e+04
3.379532812500000000e+04
3.314035546875000000e+04
3.249808398437500000e+04
3.186825390625000000e+04
3.125060351562500000e+04
3.064495117187500000e+04
3.005104101562500000e+04
2.946864453125000000e+04
2.889752343750000000e+04
2.833750195312500000e+04
2.778834570312500000e+04
2.724984375000000000e+04
2.672176953125000000e+04
2.620396484375000000e+04
2.569620898437500000e+04
2.519830859375000000e+04
2.471007421875000000e+04
2.423129492187500000e+04
2.376183007812500000e+04
2.330147851562500000e+04
2.285006445312500000e+04
2.240739453125000000e+04
2.197333593750000000e+04
2.154770312500000000e+04
2.113033203125000000e+04
2.072104882812500000e+04
2.031972656250000000e+04
1.992619335937500000e+04
1.954029882812500000e+04
1.916188085937500000e+04
1.879082226562500000e+04
1.842696484375000000e+04
1.807016992187500000e+04
1.772028710937500000e+04
1.737720507812500000e+04
1.704078320312500000e+04
1.671088867187500000e+04
1.638738085937500000e+04
1.607016406250000000e+04
1.575910156250000000e+04
1.545407421875000000e+04
1.515495214843750000e+04
1.486164257812500000e+04
1.457402343750000000e+04
1.429198144531250000e+04
1.401540039062500000e+04
1.374419335937500000e+04
1.347824511718750000e+04
