2.174600000000000000e+04
2.173050781250000000e+04
2.171582226562500000e+04
2.170208984375000000e+04
2.168945312500000000e+04
2.167804687500000000e+04
2.166799804687500000e+04
2.165942968750000000e+04
2.165246289062500000e+04
2.164720507812500000e+04
2.164377148437500000e+04
2.164226367187500000e+04
2.164278320312500000e+04
2.164542773437500000e+04
2.165029296875000000e+04
2.165747070312500000e+04
2.166705273437500000e+04
2.167912304687500000e+04
2.169376953125000000e+04
2.171107617187500000e+04
2.173112500000000000e+04
2.175400000000000000e+04
2.177977734375000000e+04
2.180853710937500000e+04
2.184035937500000000e+04
2.187532617187500000e+04
2.191351171875000000e+04
2.195499609375000000e+04
2.199985742187500000e+04
2.204817382812500000e+04
2.210002734375000000e+04
2.215549804687500000e+04
2.221466406250000000e+04
2.227761132812500000e+04
2.234442187500000000e+04
2.241517968750000000e+04
2.248997265625000000e+04
2.256888671875000000e+04
2.265201171875000000e+04
2.273944335937500000e+04
2.283127148437500000e+04
2.292759179687500000e+04
2.302850585937500000e+04
2.313411523437500000e+04
2.324452148437500000e+04
2.335983398437500000e+04
2.348016015625000000e+04
2.360561523437500000e+04
2.373631835937500000e+04
2.387238671875000000e+04
2.401394531250000000e+04
2.416112304687500000e+04
2.431405273437500000e+04
2.447286914062500000e+04
2.463771484375000000e+04
2.480873632812500000e+04
2.498608203125000000e+04
2.516991210937500000e+04
2.536038281250000000e+04
2.555766406250000000e+04
2.576192578125000000e+04
2.597334960937500000e+04
2.619211718750000000e+04
2.641841992187500000e+04
2.665245312500000000e+04
2.689442382812500000e+04
2.714454296875000000e+04
2.740302343750000000e+04
2.767009765625000000e+04
2.794599609375000000e+04
2.823095898437500000e+04
2.852523632812500000e+04
2.882908593750000000e+04
2.914277343750000000e+04
2.946657812500000000e+04
2.980077734375000000e+04
3.014567578125000000e+04
3.050156250000000000e+04
3.086876953125000000e+04
3.124759960937500000e+04
3.163840429687500000e+04
3.204151171875000000e+04
3.245729101562500000e+04
3.288608984375000000e+04
3.332830468750000000e+04
3.378430859375000000e+04
3.425451171875000000e+04
3.473931250000000000e+04
3.523914062500000000e+04
3.575442187500000000e+04
3.628560937500000000e+04
3.683315234375000000e+04
3.739752343750000000e+04
3.797919531250000000e+04
3.857866015625000000e+04
3.919641796875000000e+04
3.983298437500000000e+04
4.048887109375000000e+04
4.116461328125000000e+04
4.186075390625000000e+04
4.257783984375000000e+04
4.331642578125000000e+04
4.407707812500000000e+04
4.486037109375000000e+04
4.566687500000000000e+04
4.649717578125000000e+04
4.735185156250000000e+04
4.823150000000000000e+04
4.913669531250000000e+04
5.006803906250000000e+04
5.102610156250000000e+04
5.201147656250000000e+04
5.302471875000000000e+04
5.406642578125000000e+04
5.513713671875000000e+04
5.623740625000000000e+04
5.736775781250000000e+04
5.852871484375000000e+04
5.972077343750000000e+04
6.094441015625000000e+04
6.220007421875000000e+04
6.348819921875000000e+04
6.480918750000000000e+04
6.616339843750000000e+04
6.755115625000000000e+04
6.897278125000000000e+04
7.042851562500000000e+04
7.191857812500000000e+04
7.344314843750000000e+04
7.500235156250000000e+04
7.659625781250000000e+04
7.822489843750000000e+04
7.988825000000000000e+04
8.158622656250000000e+04
8.331869531250000000e+04
8.508544531250000000e+04
8.688623437500000000e+04
8.872072656250000000e+04
9.058854687500000000e+04
9.248923437500000000e+04
9.442228906250000000e+04
9.638710937500000000e+04
9.838305468750000000e+04
1.004093984375000000e+05
1.024653437500000000e+05
1.045500078125000000e+05
1.066625000000000000e+05
1.088017968750000000e+05
1.109668125000000000e+05
1.131563984375000000e+05
1.153693281250000000e+05
1.176043046875000000e+05
1.198599531250000000e+05
1.221348281250000000e+05
1.244273984375000000e+05
1.267361250000000000e+05
1.290593281250000000e+05
1.313951875000000000e+05
1.337419843750000000e+05
1.360978281250000000e+05
1.384607343750000000e+05
1.408286562500000000e+05
1.431995156250000000e+05
1.455712031250000000e+05
1.479414218750000000e+05
1.503078125000000000e+05
1.526680468750000000e+05
1.550197343750000000e+05
1.573602343750000000e+05
1.596870937500000000e+05
1.619975156250000000e+05
1.642889218750000000e+05
1.665584062500000000e+05
1.688032500000000000e+05
1.710204218750000000e+05
1.732070625000000000e+05
1.753600312500000000e+05
1.774763593750000000e+05
1.795527968750000000e+05
1.815862656250000000e+05
1.835734218750000000e+05
1.855110781250000000e+05
1.873958125000000000e+05
1.892243281250000000e+05
1.909932500000000000e+05
1.926991093750000000e+05
1.943385312500000000e+05
1.959080000000000000e+05
1.974041406250000000e+05
1.988234687500000000e+05
2.001626093750000000e+05
2.014181406250000000e+05
2.025867187500000000e+05
2.036650468750000000e+05
2.046499375000000000e+05
2.055381875000000000e+05
2.063268125000000000e+05
2.070128593750000000e+05
2.075935781250000000e+05
2.080662656250000000e+05
2.084285156250000000e+05
2.086780312500000000e+05
2.088127500000000000e+05
2.088308437500000000e+05
2.087307031250000000e+05
2.085110312500000000e+05
2.081707812500000000e+05
2.077092656250000000e+05
2.071260781250000000e+05
2.064211406250000000e+05
2.055947656250000000e+05
2.046476718750000000e+05
2.035808750000000000e+05
2.023958125000000000e+05
2.010943750000000000e+05
1.996788281250000000e+05
1.981517968750000000e+05
1.965163125000000000e+05
1.947758437500000000e+05
1.929342500000000000e+05
1.909957187500000000e+05
1.889647343750000000e+05
1.868461093750000000e+05
1.846450468750000000e+05
1.823669062500000000e+05
1.800172968750000000e+05
1.776018906250000000e+05
1.751266718750000000e+05
1.725976406250000000e+05
1.700208125000000000e+05
1.674021406250000000e+05
1.647476718750000000e+05
1.620633593750000000e+05
1.593549218750000000e+05
1.566279062500000000e+05
1.538877968750000000e+05
1.511398281250000000e+05
1.483889375000000000e+05
1.456397187500000000e+05
1.428966562500000000e+05
1.401639218750000000e+05
1.374452812500000000e+05
1.347442343750000000e+05
1.320640468750000000e+05
1.294077187500000000e+05
1.267778437500000000e+05
1.241767578125000000e+05
1.216066328125000000e+05
1.190693750000000000e+05
1.165665546875000000e+05
1.140995312500000000e+05
1.116695390625000000e+05
1.092776093750000000e+05
1.069245234375000000e+05
1.046109218750000000e+05
1.023372578125000000e+05
1.001039296875000000e+05
9.791122656250000000e+04
9.575920312500000000e+04
9.364785937500000000e+04
9.157714843750000000e+04
8.954696093750000000e+04
8.755703125000000000e+04
8.560702343750000000e+04
8.369664062500000000e+04
8.182551562500000000e+04
7.999317968750000000e+04
7.819911718750000000e+04
7.644287500000000000e+04
7.472393750000000000e+04
7.304171875000000000e+04
7.139563281250000000e+04
6.978511718750000000e+04
6.820960156250000000e+04
6.666846093750000000e+04
6.516103515625000000e+04
6.368676171875000000e+04
6.224503515625000000e+04
6.083521093750000000e+04
5.945664062500000000e+04
5.810875000000000000e+04
5.679094140625000000e+04
5.550258593750000000e+04
5.424305468750000000e+04
5.301180468750000000e+04
5.180819921875000000e+04
5.063169921875000000e+04
4.948168750000000000e+04
4.835764453125000000e+04
4.725897265625000000e+04
4.618515625000000000e+04
4.513562500000000000e+04
4.410988281250000000e+04
4.310736718750000000e+04
4.212761328125000000e+04
4.117009765625000000e+04
4.023430468750000000e+04
3.931977343750000000e+04
3.842604687500000000e+04
3.755264453125000000e+04
3.669909375000000000e+04
3.586496093750000000e+04
3.504983203125000000e+04
3.425326171875000000e+04
3.347481250000000000e+04
3.271409179687500000e+04
3.197071289062500000e+04
3.124427148437500000e+04
3.053436718750000000e+04
2.984065039062500000e+04
2.916272656250000000e+04
2.850026757812500000e+04
2.785289062500000000e+04
2.722028125000000000e+04
2.660207617187500000e+04
2.599797070312500000e+04
2.540761914062500000e+04
2.483073437500000000e+04
2.426698437500000000e+04
2.371608789062500000e+04
2.317774609375000000e+04
2.265164843750000000e+04
2.213755468750000000e+04
2.163517382812500000e+04
2.114423632812500000e+04
2.066445898437500000e+04
2.019562890625000000e+04
1.973747265625000000e+04
1.928975195312500000e+04
1.885220507812500000e+04
1.842463671875000000e+04
1.800679882812500000e+04
1.759847265625000000e+04
1.719943945312500000e+04
1.680946875000000000e+04
1.642838671875000000e+04
1.605597460937500000e+04
1.569203320312500000e+04
1.533635546875000000e+04
1.498877929687500000e+04
1.464910839843750000e+04
1.431716015625000000e+04
1.399274511718750000e+04
1.367571679687500000e+04
1.336589453125000000e+04
1.306311328125000000e+04
1.276720019531250000e+04
1.247802246093750000e+04
1.219541406250000000e+04
1.191922558593750000e+04
1.164929882812500000e+04
1.138551269531250000e+04
1.112771777343750000e+04
1.087577539062500000e+04
1.062954296875000000e+04
1.038891015625000000e+04
1.015373925781250000e+04
9.923905273437500000e+03
9.699278320312500000e+03
9.479757812500000000e+03
9.265217773437500000e+03
9.055543945312500000e+03
8.850619140625000000e+03
8.650349609375000000e+03
8.454623046875000000e+03
