2.174600000000000000e+04
2.170965625000000000e+04
2.167346875000000000e+04
2.163763867187500000e+04
2.160234375000000000e+04
2.156775390625000000e+04
2.153401953125000000e+04
2.150127734375000000e+04
2.146965820312500000e+04
2.143927929687500000e+04
2.141025195312500000e+04
2.138267578125000000e+04
2.135664648437500000e+04
2.133225585937500000e+04
2.130958203125000000e+04
2.128870898437500000e+04
2.126970898437500000e+04
2.125265429687500000e+04
2.123760937500000000e+04
2.122464257812500000e+04
2.121381445312500000e+04
2.120518750000000000e+04
2.119881640625000000e+04
2.119475976562500000e+04
2.119307617187500000e+04
2.119382031250000000e+04
2.119704296875000000e+04
2.120280078125000000e+04
2.121114453125000000e+04
2.122212890625000000e+04
2.123580859375000000e+04
2.125223632812500000e+04
2.127146484375000000e+04
2.129355078125000000e+04
2.131854882812500000e+04
2.134651562500000000e+04
2.137750781250000000e+04
2.141158007812500000e+04
2.144879687500000000e+04
2.148921875000000000e+04
2.153290429687500000e+04
2.157992187500000000e+04
2.163033203125000000e+04
2.168420507812500000e+04
2.174161132812500000e+04
2.180261914062500000e+04
2.186730468750000000e+04
2.193574218750000000e+04
2.200800976562500000e+04
2.208418750000000000e+04
2.216436132812500000e+04
2.224861718750000000e+04
2.233704101562500000e+04
2.242972851562500000e+04
2.252676953125000000e+04
2.262826953125000000e+04
2.273432617187500000e+04
2.284504492187500000e+04
2.296053906250000000e+04
2.308091796875000000e+04
2.320629882812500000e+04
2.333680664062500000e+04
2.347256250000000000e+04
2.361369921875000000e+04
2.376034960937500000e+04
2.391265625000000000e+04
2.407076171875000000e+04
2.423482031250000000e+04
2.440498242187500000e+04
2.458141406250000000e+04
2.476427929687500000e+04
2.495375195312500000e+04
2.515000976562500000e+04
2.535323828125000000e+04
2.556363867187500000e+04
2.578139648437500000e+04
2.600673242187500000e+04
2.623984960937500000e+04
2.648097851562500000e+04
2.673033789062500000e+04
2.698817773437500000e+04
2.725473437500000000e+04
2.753026953125000000e+04
2.781503906250000000e+04
2.810932226562500000e+04
2.841340039062500000e+04
2.872756445312500000e+04
2.905211523437500000e+04
2.938736523437500000e+04
2.973363671875000000e+04
3.009126171875000000e+04
3.046058398437500000e+04
3.084195898437500000e+04
3.123575195312500000e+04
3.164233789062500000e+04
3.206210546875000000e+04
3.249545312500000000e+04
3.294279687500000000e+04
3.340455468750000000e+04
3.388116406250000000e+04
3.437307421875000000e+04
3.488074218750000000e+04
3.540462890625000000e+04
3.594522656250000000e+04
3.650302343750000000e+04
3.707852343750000000e+04
3.767224218750000000e+04
3.828469531250000000e+04
3.891642187500000000e+04
3.956796093750000000e+04
4.023986328125000000e+04
4.093268750000000000e+04
4.164699218750000000e+04
4.238335937500000000e+04
4.314235546875000000e+04
4.392455468750000000e+04
4.473053906250000000e+04
4.556088671875000000e+04
4.641616796875000000e+04
4.729696875000000000e+04
4.820385156250000000e+04
4.913737500000000000e+04
5.009810156250000000e+04
5.108656640625000000e+04
5.210330078125000000e+04
5.314881640625000000e+04
5.422360937500000000e+04
5.532814843750000000e+04
5.646287890625000000e+04
5.762823046875000000e+04
5.882459765625000000e+04
6.005233984375000000e+04
6.131178515625000000e+04
6.260322265625000000e+04
6.392690625000000000e+04
6.528304296875000000e+04
6.667179687500000000e+04
6.809329687500000000e+04
6.954759375000000000e+04
7.103471093750000000e+04
7.255460156250000000e+04
7.410718750000000000e+04
7.569230468750000000e+04
7.730975000000000000e+04
7.895925781250000000e+04
8.064046875000000000e+04
8.235302343750000000e+04
8.409645312500000000e+04
8.587022656250000000e+04
8.767375000000000000e+04
8.950638281250000000e+04
9.136738281250000000e+04
9.325596875000000000e+04
9.517127343750000000e+04
9.711236718750000000e+04
9.907829687500000000e+04
1.010679687500000000e+05
1.030802031250000000e+05
1.051138515625000000e+05
1.071676718750000000e+05
1.092402812500000000e+05
1.113302500000000000e+05
1.134361328125000000e+05
1.155564218750000000e+05
1.176894609375000000e+05
1.198335234375000000e+05
1.219868984375000000e+05
1.241478125000000000e+05
1.263142812500000000e+05
1.284844218750000000e+05
1.306561250000000000e+05
1.328273750000000000e+05
1.349958906250000000e+05
1.371595312500000000e+05
1.393158750000000000e+05
1.414626093750000000e+05
1.435971875000000000e+05
1.457171093750000000e+05
1.478197031250000000e+05
1.499023125000000000e+05
1.519620781250000000e+05
1.539962031250000000e+05
1.560016406250000000e+05
1.579753906250000000e+05
1.599143593750000000e+05
1.618152500000000000e+05
1.636748281250000000e+05
1.654896093750000000e+05
1.672562031250000000e+05
1.689709531250000000e+05
1.706302812500000000e+05
1.722304062500000000e+05
1.737675781250000000e+05
1.752378750000000000e+05
1.766374531250000000e+05
1.779623125000000000e+05
1.792085312500000000e+05
1.803720937500000000e+05
1.814490625000000000e+05
1.824355156250000000e+05
1.833275937500000000e+05
1.841215781250000000e+05
1.848138125000000000e+05
1.854008125000000000e+05
1.858793281250000000e+05
1.862463125000000000e+05
1.864989843750000000e+05
1.866348750000000000e+05
1.866518125000000000e+05
1.865480781250000000e+05
1.863222656250000000e+05
1.859734531250000000e+05
1.855011562500000000e+05
1.849053906250000000e+05
1.841865937500000000e+05
1.833457812500000000e+05
1.823844375000000000e+05
1.813045312500000000e+05
1.801085312500000000e+05
1.787994687500000000e+05
1.773807187500000000e+05
1.758561406250000000e+05
1.742299531250000000e+05
1.725068125000000000e+05
1.706917187500000000e+05
1.687898437500000000e+05
1.668066718750000000e+05
1.647478593750000000e+05
1.626192656250000000e+05
1.604267500000000000e+05
1.581762187500000000e+05
1.558736562500000000e+05
1.535250312500000000e+05
1.511361093750000000e+05
1.487125625000000000e+05
1.462600000000000000e+05
1.437838593750000000e+05
1.412892656250000000e+05
1.387811093750000000e+05
1.362641562500000000e+05
1.337429531250000000e+05
1.312216406250000000e+05
1.287041015625000000e+05
1.261940859375000000e+05
1.236950468750000000e+05
1.212100859375000000e+05
1.187420468750000000e+05
1.162936406250000000e+05
1.138673046875000000e+05
1.114651796875000000e+05
1.090891718750000000e+05
1.067410781250000000e+05
1.044225078125000000e+05
1.021347578125000000e+05
9.987903906250000000e+04
9.765634375000000000e+04
9.546758593750000000e+04
9.331355468750000000e+04
9.119480468750000000e+04
8.911178906250000000e+04
8.706492968750000000e+04
8.505454687500000000e+04
8.308078125000000000e+04
8.114370312500000000e+04
7.924337500000000000e+04
7.737979687500000000e+04
7.555280468750000000e+04
7.376221093750000000e+04
7.200784375000000000e+04
7.028945312500000000e+04
6.860671875000000000e+04
6.695927343750000000e+04
6.534676953125000000e+04
6.376883593750000000e+04
6.222502343750000000e+04
6.071485546875000000e+04
5.923789062500000000e+04
5.779368359375000000e+04
5.638170703125000000e+04
5.500142968750000000e+04
5.365235546875000000e+04
5.233399218750000000e+04
5.104578515625000000e+04
4.978717578125000000e+04
4.855767578125000000e+04
4.735670312500000000e+04
4.618376171875000000e+04
4.503827343750000000e+04
4.391973828125000000e+04
4.282758984375000000e+04
4.176133203125000000e+04
4.072040234375000000e+04
3.970431250000000000e+04
3.871250390625000000e+04
3.774451171875000000e+04
3.679980468750000000e+04
3.587786328125000000e+04
3.497821875000000000e+04
3.410039453125000000e+04
3.324389453125000000e+04
3.240823437500000000e+04
3.159295898437500000e+04
3.079762890625000000e+04
3.002177539062500000e+04
2.926494140625000000e+04
2.852671093750000000e+04
2.780666601562500000e+04
2.710437304687500000e+04
2.641941210937500000e+04
2.575140039062500000e+04
2.509991992187500000e+04
2.446460546875000000e+04
2.384505078125000000e+04
2.324090820312500000e+04
2.265178906250000000e+04
2.207735937500000000e+04
2.151724414062500000e+04
2.097112500000000000e+04
2.043864453125000000e+04
1.991949218750000000e+04
1.941333789062500000e+04
1.891984960937500000e+04
1.843875781250000000e+04
1.796974218750000000e+04
1.751250781250000000e+04
1.706675000000000000e+04
1.663222460937500000e+04
1.620863867187500000e+04
1.579572265625000000e+04
1.539320019531250000e+04
1.500084667968750000e+04
1.461839648437500000e+04
1.424560449218750000e+04
1.388223144531250000e+04
1.352803222656250000e+04
1.318280664062500000e+04
1.284631738281250000e+04
1.251834863281250000e+04
1.219867480468750000e+04
1.188711425781250000e+04
1.158345410156250000e+04
1.128749511718750000e+04
1.099903515625000000e+04
1.071791015625000000e+04
1.044392382812500000e+04
1.017689648437500000e+04
9.916646484375000000e+03
9.663021484375000000e+03
9.415846679687500000e+03
9.174959960937500000e+03
8.940193359375000000e+03
8.711412109375000000e+03
8.488456054687500000e+03
8.271177734375000000e+03
8.059427734375000000e+03
7.853081542968750000e+03
7.651994140625000000e+03
7.456034179687500000e+03
7.265063964843750000e+03
7.078972656250000000e+03
6.897628417968750000e+03
6.720912597656250000e+03
6.548700195312500000e+03
6.380891113281250000e+03
6.217367187500000000e+03
