2.174600000000000000e+04
2.182014062500000000e+04
2.189620117187500000e+04
2.197428710937500000e+04
2.205449023437500000e+04
2.213690625000000000e+04
2.222161914062500000e+04
2.230871875000000000e+04
2.239828515625000000e+04
2.249039648437500000e+04
2.258513476562500000e+04
2.268257031250000000e+04
2.278278320312500000e+04
2.288584179687500000e+04
2.299181835937500000e+04
2.310078320312500000e+04
2.321280664062500000e+04
2.332795703125000000e+04
2.344630078125000000e+04
2.356791015625000000e+04
2.369285351562500000e+04
2.382119531250000000e+04
2.395300781250000000e+04
2.408835937500000000e+04
2.422732031250000000e+04
2.436995703125000000e+04
2.451634375000000000e+04
2.466655273437500000e+04
2.482065429687500000e+04
2.497872070312500000e+04
2.514083007812500000e+04
2.530705664062500000e+04
2.547747851562500000e+04
2.565217382812500000e+04
2.583122070312500000e+04
2.601470312500000000e+04
2.620270312500000000e+04
2.639530468750000000e+04
2.659259765625000000e+04
2.679466601562500000e+04
2.700160351562500000e+04
2.721350000000000000e+04
2.743044921875000000e+04
2.765255078125000000e+04
2.787990039062500000e+04
2.811259570312500000e+04
2.835074414062500000e+04
2.859444726562500000e+04
2.884381250000000000e+04
2.909895117187500000e+04
2.935997265625000000e+04
2.962699218750000000e+04
2.990012695312500000e+04
3.017949414062500000e+04
3.046521679687500000e+04
3.075741992187500000e+04
3.105622656250000000e+04
3.136177148437500000e+04
3.167418164062500000e+04
3.199359375000000000e+04
3.232014453125000000e+04
3.265397265625000000e+04
3.299522265625000000e+04
3.334403906250000000e+04
3.370056640625000000e+04
3.406495703125000000e+04
3.443736718750000000e+04
3.481794921875000000e+04
3.520685937500000000e+04
3.560426562500000000e+04
3.601032421875000000e+04
3.642519921875000000e+04
3.684906250000000000e+04
3.728208203125000000e+04
3.772443750000000000e+04
3.817629296875000000e+04
3.863783593750000000e+04
3.910923046875000000e+04
3.959067187500000000e+04
4.008232421875000000e+04
4.058439453125000000e+04
4.109704296875000000e+04
4.162047656250000000e+04
4.215486328125000000e+04
4.270040234375000000e+04
4.325728125000000000e+04
4.382568750000000000e+04
4.440580468750000000e+04
4.499782421875000000e+04
4.560193359375000000e+04
4.621831640625000000e+04
4.684716015625000000e+04
4.748865234375000000e+04
4.814296484375000000e+04
4.881028515625000000e+04
4.949078515625000000e+04
5.018463671875000000e+04
5.089201171875000000e+04
5.161307031250000000e+04
5.234798046875000000e+04
5.309689453125000000e+04
5.385995312500000000e+04
5.463730859375000000e+04
5.542908984375000000e+04
5.623542187500000000e+04
5.705642968750000000e+04
5.789221875000000000e+04
5.874288671875000000e+04
5.960852734375000000e+04
6.048921484375000000e+04
6.138501171875000000e+04
6.229598046875000000e+04
6.322213671875000000e+04
6.416353515625000000e+04
6.512017187500000000e+04
6.609203906250000000e+04
6.707910937500000000e+04
6.808135156250000000e+04
6.909868750000000000e+04
7.013106250000000000e+04
7.117835156250000000e+04
7.224045312500000000e+04
7.331721093750000000e+04
7.440847656250000000e+04
7.551404687500000000e+04
7.663371093750000000e+04
7.776723437500000000e+04
7.891436718750000000e+04
8.007480468750000000e+04
8.124824218750000000e+04
8.243432812500000000e+04
8.363271093750000000e+04
8.484298437500000000e+04
8.606471875000000000e+04
8.729746875000000000e+04
8.854075000000000000e+04
8.979403906250000000e+04
9.105682031250000000e+04
9.232850781250000000e+04
9.360850781250000000e+04
9.489618750000000000e+04
9.619089062500000000e+04
9.749194531250000000e+04
9.879861718750000000e+04
1.001101875000000000e+05
1.014258593750000000e+05
1.027448671875000000e+05
1.040663828125000000e+05
1.053895546875000000e+05
1.067135156250000000e+05
1.080373671875000000e+05
1.093601953125000000e+05
1.106810625000000000e+05
1.119990156250000000e+05
1.133130468750000000e+05
1.146222343750000000e+05
1.159255078125000000e+05
1.172218359375000000e+05
1.185101953125000000e+05
1.197895625000000000e+05
1.210588515625000000e+05
1.223169765625000000e+05
1.235628828125000000e+05
1.247955078125000000e+05
1.260137500000000000e+05
1.272164921875000000e+05
1.284026875000000000e+05
1.295712734375000000e+05
1.307211171875000000e+05
1.318512187500000000e+05
1.329604375000000000e+05
1.340477968750000000e+05
1.351122031250000000e+05
1.361526875000000000e+05
1.371681718750000000e+05
1.381577343750000000e+05
1.391203593750000000e+05
1.400551406250000000e+05
1.409611093750000000e+05
1.418374218750000000e+05
1.426831562500000000e+05
1.434975000000000000e+05
1.442796406250000000e+05
1.450287968750000000e+05
1.457442500000000000e+05
1.464252500000000000e+05
1.470711562500000000e+05
1.476812968750000000e+05
1.482551250000000000e+05
1.487920312500000000e+05
1.492915468750000000e+05
1.497531718750000000e+05
1.501764843750000000e+05
1.505610937500000000e+05
1.509066718750000000e+05
1.512129062500000000e+05
1.514795312500000000e+05
1.517063593750000000e+05
1.518932343750000000e+05
1.520399843750000000e+05
1.521465937500000000e+05
1.522130000000000000e+05
1.522392187500000000e+05
1.522253593750000000e+05
1.521714687500000000e+05
1.520777343750000000e+05
1.519443125000000000e+05
1.517714687500000000e+05
1.515594687500000000e+05
1.513086250000000000e+05
1.510192812500000000e+05
1.506918437500000000e+05
1.503267656250000000e+05
1.499244687500000000e+05
1.494855000000000000e+05
1.490103750000000000e+05
1.484996718750000000e+05
1.479539843750000000e+05
1.473739531250000000e+05
1.467602500000000000e+05
1.461135312500000000e+05
1.454345312500000000e+05
1.447239531250000000e+05
1.439825781250000000e+05
1.432112187500000000e+05
1.424106406250000000e+05
1.415816250000000000e+05
1.407250312500000000e+05
1.398417343750000000e+05
1.389325625000000000e+05
1.379983593750000000e+05
1.370400468750000000e+05
1.360585000000000000e+05
1.350546093750000000e+05
1.340292656250000000e+05
1.329833593750000000e+05
1.319178281250000000e+05
1.308335546875000000e+05
1.297314218750000000e+05
1.286123593750000000e+05
1.274772656250000000e+05
1.263270312500000000e+05
1.251625234375000000e+05
1.239846328125000000e+05
1.227942578125000000e+05
1.215922500000000000e+05
1.203794296875000000e+05
1.191566640625000000e+05
1.179248281250000000e+05
1.166847031250000000e+05
1.154370703125000000e+05
1.141827578125000000e+05
1.129225625000000000e+05
1.116572265625000000e+05
1.103875078125000000e+05
1.091141015625000000e+05
1.078377500000000000e+05
1.065591796875000000e+05
1.052790546875000000e+05
1.039980000000000000e+05
1.027167031250000000e+05
1.014358046875000000e+05
1.001559062500000000e+05
9.887756250000000000e+04
9.760137500000000000e+04
9.632792187500000000e+04
9.505772656250000000e+04
9.379126562500000000e+04
9.252907812500000000e+04
9.127166406250000000e+04
9.001946875000000000e+04
8.877290625000000000e+04
8.753242968750000000e+04
8.629846875000000000e+04
8.507139843750000000e+04
8.385157031250000000e+04
8.263935156250000000e+04
8.143511718750000000e+04
8.023917187500000000e+04
7.905178125000000000e+04
7.787326562500000000e+04
7.670393750000000000e+04
7.554401562500000000e+04
7.439373437500000000e+04
7.325335156250000000e+04
7.212305468750000000e+04
7.100307812500000000e+04
6.989356250000000000e+04
6.879473437500000000e+04
6.770670312500000000e+04
6.662966406250000000e+04
6.556371093750000000e+04
6.450900390625000000e+04
6.346560937500000000e+04
6.243367968750000000e+04
6.141326953125000000e+04
6.040444921875000000e+04
5.940729687500000000e+04
5.842189453125000000e+04
5.744827734375000000e+04
5.648645703125000000e+04
5.553648437500000000e+04
5.459840625000000000e+04
5.367221484375000000e+04
5.275789062500000000e+04
5.185546093750000000e+04
5.096492968750000000e+04
5.008626562500000000e+04
4.921942578125000000e+04
4.836441796875000000e+04
4.752117578125000000e+04
4.668968750000000000e+04
4.586987890625000000e+04
4.506173046875000000e+04
4.426514843750000000e+04
4.348011328125000000e+04
4.270651953125000000e+04
4.194433593750000000e+04
4.119345703125000000e+04
4.045383203125000000e+04
3.972536718750000000e+04
3.900794921875000000e+04
3.830155078125000000e+04
3.760605078125000000e+04
3.692135546875000000e+04
3.624734765625000000e+04
3.558398046875000000e+04
3.493112500000000000e+04
3.428868359375000000e+04
3.365652734375000000e+04
3.303459765625000000e+04
3.242276757812500000e+04
3.182092773437500000e+04
3.122896484375000000e+04
3.064675000000000000e+04
3.007421289062500000e+04
2.951122265625000000e+04
2.895766601562500000e+04
2.841340625000000000e+04
2.787837109375000000e+04
2.735242773437500000e+04
2.683545898437500000e+04
2.632733007812500000e+04
2.582796484375000000e+04
2.533723046875000000e+04
2.485500976562500000e+04
2.438116992187500000e+04
2.391563085937500000e+04
2.345826171875000000e+04
2.300894531250000000e+04
2.256755273437500000e+04
2.213400585937500000e+04
2.170817382812500000e+04
2.128994335937500000e+04
2.087918554687500000e+04
2.047582421875000000e+04
2.007972851562500000e+04
1.969079101562500000e+04
1.930888867187500000e+04
1.893394140625000000e+04
1.856582812500000000e+04
1.820444140625000000e+04
1.784966015625000000e+04
1.750141210937500000e+04
1.715957617187500000e+04
