2.174600000000000000e+04
2.170357617187500000e+04
2.166211132812500000e+04
2.162178710937500000e+04
2.158277148437500000e+04
2.154522070312500000e+04
2.150927343750000000e+04
2.147506054687500000e+04
2.144269726562500000e+04
2.141229687500000000e+04
2.138395507812500000e+04
2.135776562500000000e+04
2.133381640625000000e+04
2.131218554687500000e+04
2.129294531250000000e+04
2.127616601562500000e+04
2.126191210937500000e+04
2.125024609375000000e+04
2.124122070312500000e+04
2.123489648437500000e+04
2.123132226562500000e+04
2.123054882812500000e+04
2.123262500000000000e+04
2.123759570312500000e+04
2.124550781250000000e+04
2.125640625000000000e+04
2.127033593750000000e+04
2.128733789062500000e+04
2.130745312500000000e+04
2.133073046875000000e+04
2.135720703125000000e+04
2.138693164062500000e+04
2.141994335937500000e+04
2.145629101562500000e+04
2.149601562500000000e+04
2.153916601562500000e+04
2.158579101562500000e+04
2.163593359375000000e+04
2.168964648437500000e+04
2.174698046875000000e+04
2.180798828125000000e+04
2.187272265625000000e+04
2.194124023437500000e+04
2.201359960937500000e+04
2.208985937500000000e+04
2.217008203125000000e+04
2.225433007812500000e+04
2.234266992187500000e+04
2.243516992187500000e+04
2.253190234375000000e+04
2.263293945312500000e+04
2.273835742187500000e+04
2.284823632812500000e+04
2.296265625000000000e+04
2.308170312500000000e+04
2.320546484375000000e+04
2.333403320312500000e+04
2.346750195312500000e+04
2.360597070312500000e+04
2.374953906250000000e+04
2.389831250000000000e+04
2.405240429687500000e+04
2.421192187500000000e+04
2.437698632812500000e+04
2.454771679687500000e+04
2.472424218750000000e+04
2.490669140625000000e+04
2.509519921875000000e+04
2.528990820312500000e+04
2.549096093750000000e+04
2.569850976562500000e+04
2.591270898437500000e+04
2.613371875000000000e+04
2.636170507812500000e+04
2.659684765625000000e+04
2.683931835937500000e+04
2.708931054687500000e+04
2.734700195312500000e+04
2.761260546875000000e+04
2.788631250000000000e+04
2.816834960937500000e+04
2.845892382812500000e+04
2.875827539062500000e+04
2.906662304687500000e+04
2.938422265625000000e+04
2.971132226562500000e+04
3.004817773437500000e+04
3.039506250000000000e+04
3.075225000000000000e+04
3.112002539062500000e+04
3.149868554687500000e+04
3.188853710937500000e+04
3.228989453125000000e+04
3.270308203125000000e+04
3.312843750000000000e+04
3.356630859375000000e+04
3.401704687500000000e+04
3.448102734375000000e+04
3.495862500000000000e+04
3.545023437500000000e+04
3.595625390625000000e+04
3.647709765625000000e+04
3.701319921875000000e+04
3.756499218750000000e+04
3.813292968750000000e+04
3.871747656250000000e+04
3.931910546875000000e+04
3.993830468750000000e+04
4.057558203125000000e+04
4.123144531250000000e+04
4.190642578125000000e+04
4.260105859375000000e+04
4.331589062500000000e+04
4.405150000000000000e+04
4.480845312500000000e+04
4.558733984375000000e+04
4.638875781250000000e+04
4.721331250000000000e+04
4.806162890625000000e+04
4.893433593750000000e+04
4.983206640625000000e+04
5.075547265625000000e+04
5.170520703125000000e+04
5.268192968750000000e+04
5.368630078125000000e+04
5.471900000000000000e+04
5.578069531250000000e+04
5.687206250000000000e+04
5.799377734375000000e+04
5.914650390625000000e+04
6.033091796875000000e+04
6.154768359375000000e+04
6.279744921875000000e+04
6.408086328125000000e+04
6.539856640625000000e+04
6.675117187500000000e+04
6.813928125000000000e+04
6.956346875000000000e+04
7.102429687500000000e+04
7.252229687500000000e+04
7.405798437500000000e+04
7.563181250000000000e+04
7.724421093750000000e+04
7.889558593750000000e+04
8.058628906250000000e+04
8.231660156250000000e+04
8.408681250000000000e+04
8.589710937500000000e+04
8.774760937500000000e+04
8.963840625000000000e+04
9.156950000000000000e+04
9.354083593750000000e+04
9.555227343750000000e+04
9.760358593750000000e+04
9.969446093750000000e+04
1.018245546875000000e+05
1.039933515625000000e+05
1.062002343750000000e+05
1.084445390625000000e+05
1.107255312500000000e+05
1.130422656250000000e+05
1.153936718750000000e+05
1.177786484375000000e+05
1.201960078125000000e+05
1.226442734375000000e+05
1.251219062500000000e+05
1.276272656250000000e+05
1.301586015625000000e+05
1.327138593750000000e+05
1.352910156250000000e+05
1.378877343750000000e+05
1.405016562500000000e+05
1.431301250000000000e+05
1.457704531250000000e+05
1.484196093750000000e+05
1.510745781250000000e+05
1.537319531250000000e+05
1.563883593750000000e+05
1.590400156250000000e+05
1.616831562500000000e+05
1.643136250000000000e+05
1.669272500000000000e+05
1.695194687500000000e+05
1.720857187500000000e+05
1.746211718750000000e+05
1.771207031250000000e+05
1.795792031250000000e+05
1.819911718750000000e+05
1.843511406250000000e+05
1.866532812500000000e+05
1.888918437500000000e+05
1.910607812500000000e+05
1.931540625000000000e+05
1.951655000000000000e+05
1.970889687500000000e+05
1.989182343750000000e+05
2.006472031250000000e+05
2.022697343750000000e+05
2.037799531250000000e+05
2.051720156250000000e+05
2.064404375000000000e+05
2.075799375000000000e+05
2.085855781250000000e+05
2.094527968750000000e+05
2.101775156250000000e+05
2.107561406250000000e+05
2.111855937500000000e+05
2.114634062500000000e+05
2.115877343750000000e+05
2.115573437500000000e+05
2.113717500000000000e+05
2.110310937500000000e+05
2.105362343750000000e+05
2.098887500000000000e+05
2.090908593750000000e+05
2.081454843750000000e+05
2.070561406250000000e+05
2.058269062500000000e+05
2.044625156250000000e+05
2.029681406250000000e+05
2.013493906250000000e+05
1.996122812500000000e+05
1.977630937500000000e+05
1.958085000000000000e+05
1.937553437500000000e+05
1.916105468750000000e+05
1.893811093750000000e+05
1.870741718750000000e+05
1.846968281250000000e+05
1.822560312500000000e+05
1.797586093750000000e+05
1.772113125000000000e+05
1.746207656250000000e+05
1.719932031250000000e+05
1.693346562500000000e+05
1.666509843750000000e+05
1.639477812500000000e+05
1.612302343750000000e+05
1.585032656250000000e+05
1.557715468750000000e+05
1.530394843750000000e+05
1.503110937500000000e+05
1.475900625000000000e+05
1.448799375000000000e+05
1.421839531250000000e+05
1.395049843750000000e+05
1.368456406250000000e+05
1.342084062500000000e+05
1.315955312500000000e+05
1.290089140625000000e+05
1.264502656250000000e+05
1.239212109375000000e+05
1.214231718750000000e+05
1.189572968750000000e+05
1.165246484375000000e+05
1.141260781250000000e+05
1.117623906250000000e+05
1.094342656250000000e+05
1.071421875000000000e+05
1.048865156250000000e+05
1.026676171875000000e+05
1.004857578125000000e+05
9.834103125000000000e+04
9.623346875000000000e+04
9.416310937500000000e+04
9.212992968750000000e+04
9.013377343750000000e+04
8.817443750000000000e+04
8.625174218750000000e+04
8.436546875000000000e+04
8.251529687500000000e+04
8.070085937500000000e+04
7.892184375000000000e+04
7.717791406250000000e+04
7.546862500000000000e+04
7.379353125000000000e+04
7.215222656250000000e+04
7.054428906250000000e+04
6.896923437500000000e+04
6.742655468750000000e+04
6.591579687500000000e+04
6.443649609375000000e+04
6.298813281250000000e+04
6.157017968750000000e+04
6.018219140625000000e+04
5.882360546875000000e+04
5.749397265625000000e+04
5.619273437500000000e+04
5.491944140625000000e+04
5.367353906250000000e+04
5.245457031250000000e+04
5.126199218750000000e+04
5.009535546875000000e+04
4.895413281250000000e+04
4.783787500000000000e+04
4.674607812500000000e+04
4.567824609375000000e+04
4.463392968750000000e+04
4.361268359375000000e+04
4.261402734375000000e+04
4.163748437500000000e+04
4.068262890625000000e+04
3.974904296875000000e+04
3.883626171875000000e+04
3.794384765625000000e+04
3.707139453125000000e+04
3.621850390625000000e+04
3.538475000000000000e+04
3.456971484375000000e+04
3.377303125000000000e+04
3.299428515625000000e+04
3.223312695312500000e+04
3.148914648437500000e+04
3.076200781250000000e+04
3.005131835937500000e+04
2.935675195312500000e+04
2.867793164062500000e+04
2.801454687500000000e+04
2.736623437500000000e+04
2.673268945312500000e+04
2.611357812500000000e+04
2.550855859375000000e+04
2.491737109375000000e+04
2.433968359375000000e+04
2.377520312500000000e+04
2.322361328125000000e+04
2.268467382812500000e+04
2.215808007812500000e+04
2.164355859375000000e+04
2.114082031250000000e+04
2.064964453125000000e+04
2.016975000000000000e+04
1.970088671875000000e+04
1.924280468750000000e+04
1.879524804687500000e+04
1.835801171875000000e+04
1.793084960937500000e+04
1.751352929687500000e+04
1.710581835937500000e+04
1.670753125000000000e+04
1.631843359375000000e+04
1.593832226562500000e+04
1.556697753906250000e+04
1.520422949218750000e+04
1.484986914062500000e+04
1.450370605468750000e+04
1.416553906250000000e+04
1.383521484375000000e+04
1.351254101562500000e+04
1.319734082031250000e+04
1.288943261718750000e+04
1.258867382812500000e+04
1.229489062500000000e+04
1.200792187500000000e+04
1.172760058593750000e+04
1.145379687500000000e+04
1.118634960937500000e+04
1.092511425781250000e+04
1.066993652343750000e+04
1.042069921875000000e+04
1.017725292968750000e+04
9.939467773437500000e+03
9.707202148437500000e+03
9.480348632812500000e+03
9.258773437500000000e+03
