-115.55138530
-263.46729147
-248.02561736
-225.03133157
-197.23384569
-194.66553701
-193.81415481
-197.14155369
-189.30695937
-165.16334122
-144.58526933
-137.32400132
-141.82403712
-87.92588712
-55.14553623
-54.10193260
-54.08804595
-112.91201275
-53.76927252
-53.57468266
-53.94903129
-54.85558962
-57.38371257
-55.48392407
-54.90569616
-54.28821424
-53.22665375
-52.15518777
-51.04531848
-49.87176090
-48.74235672
-48.14459888
-45.48916794
-46.37995325
-43.89002342
-42.52458807
-45.10903116
-43.33690875
-45.40831224
-41.63481584
-43.57413051
-43.00635160
-42.03017646
-43.25419253
-43.76261687
-44.95474371
-42.98813127
-42.54029782
-42.00080161
-41.77187660
-42.41292962
