-157.21437053
-59.59378274
-49.90110105
-125.31750636
-53.58563449
-49.38067452
-50.69753654
-50.42308404
-50.98490779
-62.64048115
-48.87435048
-55.30845504
-90.62734813
-50.92784154
-90.94922241
-252.79414988
-48.52806226
-48.34937914
-103.56977319
-57.51921329
-48.95954947
-48.89880942
-48.16062694
-75.04645750
-47.92266796
-49.13946207
-46.95966541
-47.83245990
-46.19779038
-48.07587043
-46.13941098
-45.41093649
-45.66799426
-46.00873259
-43.11809060
-44.30570384
-74.30345986
-42.39960976
-42.76668030
-44.48507719
-42.32591656
-42.14731243
-42.31005037
-43.59391525
-43.89878107
-43.11077135
-63.46082391
-75.65922780
-43.62575142
-16221.37570785
-42.50566723
