-302.83122119
-305.16189128
-124.86534113
-88.03016221
-73.76954295
-63.58732996
-85.59728248
-73.07501230
-180.08657117
-64.09974288
-63.33079026
-68.08734723
-62.34481196
-62.06693721
-61.44976575
-60.39311276
-61.36016141
-63.13385983
-59.74551505
-59.71946340
-59.00657599
-62.80221830
-78.98213691
-57.65134150
-61.48661593
-54.23170348
-54.01784933
-51.39349483
-50.66736389
-49.96001236
-57.02107451
-56.16457173
-48.32711634
-49.99809845
-47.51632837
-50.64997297
-48.35721178
-45.56904339
-44.80914598
-46.40985525
-47.82575520
-43.62463198
-42.82544676
-42.94536393
-66.17995853
-54.87444258
-49.20340338
-43.26619332
-43.11378252
-45.07902344
-46.89911276
