1.470000000000000000e+03
1.495231445312500000e+03
1.520876586914062500e+03
1.546941772460937500e+03
1.573433105468750000e+03
1.600357055664062500e+03
1.627720092773437500e+03
1.655528564453125000e+03
1.683789306640625000e+03
1.712508666992187500e+03
1.741693725585937500e+03
1.771351074218750000e+03
1.801487670898437500e+03
1.832110473632812500e+03
1.863226440429687500e+03
1.894842773437500000e+03
1.926966796875000000e+03
1.959605590820312500e+03
1.992766723632812500e+03
2.026457519531250000e+03
2.060685302734375000e+03
2.095458007812500000e+03
2.130782958984375000e+03
2.166668212890625000e+03
2.203121582031250000e+03
2.240150634765625000e+03
2.277763671875000000e+03
2.315968505859375000e+03
2.354773437500000000e+03
2.394186523437500000e+03
2.434216308593750000e+03
2.474870849609375000e+03
2.516158691406250000e+03
2.558088134765625000e+03
2.600668212890625000e+03
2.643906982421875000e+03
2.687813720703125000e+03
2.732396972656250000e+03
2.777665283203125000e+03
2.823628173828125000e+03
2.870293945312500000e+03
2.917672363281250000e+03
2.965771972656250000e+03
3.014602783203125000e+03
3.064173095703125000e+03
3.114492919921875000e+03
3.165571533203125000e+03
3.217418212890625000e+03
3.270042724609375000e+03
3.323454589843750000e+03
3.377663330078125000e+03
3.432678466796875000e+03
3.488510253906250000e+03
3.545168212890625000e+03
3.602662109375000000e+03
3.661002441406250000e+03
3.720198486328125000e+03
3.780260986328125000e+03
3.841199707031250000e+03
3.903024658203125000e+03
3.965746093750000000e+03
4.029374511718750000e+03
4.093919921875000000e+03
4.159392578125000000e+03
4.225803710937500000e+03
4.293162597656250000e+03
4.361479980468750000e+03
4.430767089843750000e+03
4.501034179687500000e+03
4.572291503906250000e+03
4.644549804687500000e+03
4.717819824218750000e+03
4.792112304687500000e+03
4.867437500000000000e+03
4.943807617187500000e+03
5.021230957031250000e+03
5.099721191406250000e+03
5.179286621093750000e+03
5.259940917968750000e+03
5.341691894531250000e+03
5.424553222656250000e+03
5.508533691406250000e+03
5.593646484375000000e+03
5.679899902343750000e+03
5.767307128906250000e+03
5.855878906250000000e+03
5.945625976562500000e+03
6.036559570312500000e+03
6.128690429687500000e+03
6.222030273437500000e+03
6.316589843750000000e+03
6.412380859375000000e+03
6.509414062500000000e+03
6.607700683593750000e+03
6.707252441406250000e+03
6.808080078125000000e+03
6.910195312500000000e+03
7.013609375000000000e+03
7.118333007812500000e+03
7.224378417968750000e+03
7.331756347656250000e+03
7.440479003906250000e+03
7.550557617187500000e+03
7.662003417968750000e+03
7.774827148437500000e+03
7.889041015625000000e+03
8.004656738281250000e+03
8.121685546875000000e+03
8.240138671875000000e+03
8.360028320312500000e+03
8.481366210937500000e+03
8.604163085937500000e+03
8.728429687500000000e+03
8.854179687500000000e+03
8.981424804687500000e+03
9.110174804687500000e+03
9.240442382812500000e+03
9.372239257812500000e+03
9.505577148437500000e+03
9.640467773437500000e+03
9.776921875000000000e+03
9.914952148437500000e+03
1.005456933593750000e+04
1.019578417968750000e+04
1.033861035156250000e+04
1.048305761718750000e+04
1.062913769531250000e+04
1.077686035156250000e+04
1.092623925781250000e+04
1.107728320312500000e+04
1.123000390625000000e+04
1.138441210937500000e+04
1.154051855468750000e+04
1.169833300781250000e+04
1.185786621093750000e+04
1.201912597656250000e+04
1.218212304687500000e+04
1.234686523437500000e+04
1.251336328125000000e+04
1.268162304687500000e+04
1.285165332031250000e+04
1.302346093750000000e+04
1.319705175781250000e+04
1.337243261718750000e+04
1.354960742187500000e+04
1.372857910156250000e+04
1.390935351562500000e+04
1.409193261718750000e+04
1.427631640625000000e+04
1.446250488281250000e+04
1.465049804687500000e+04
1.484029101562500000e+04
1.503187988281250000e+04
1.522526074218750000e+04
1.542042089843750000e+04
1.561735937500000000e+04
1.581605957031250000e+04
1.601650195312500000e+04
1.621867578125000000e+04
1.642256640625000000e+04
1.662814648437500000e+04
1.683538867187500000e+04
1.704426757812500000e+04
1.725475585937500000e+04
1.746681835937500000e+04
1.768040625000000000e+04
1.789548437500000000e+04
1.811201171875000000e+04
1.832992382812500000e+04
1.854917382812500000e+04
1.876969531250000000e+04
1.899142382812500000e+04
1.921428320312500000e+04
1.943820312500000000e+04
1.966308984375000000e+04
1.988885937500000000e+04
2.011540429687500000e+04
2.034263281250000000e+04
2.057041992187500000e+04
2.079865625000000000e+04
2.102720703125000000e+04
2.125594140625000000e+04
2.148470703125000000e+04
2.171335351562500000e+04
2.194172851562500000e+04
2.216964453125000000e+04
2.239693359375000000e+04
2.262339257812500000e+04
2.284883398437500000e+04
2.307303125000000000e+04
2.329577929687500000e+04
2.351683398437500000e+04
2.373595898437500000e+04
2.395289648437500000e+04
2.416738867187500000e+04
2.437915234375000000e+04
2.458791210937500000e+04
2.479335937500000000e+04
2.499519921875000000e+04
2.519310351562500000e+04
2.538674804687500000e+04
2.557579687500000000e+04
2.575989843750000000e+04
2.593868945312500000e+04
2.611180468750000000e+04
2.627887109375000000e+04
2.643949609375000000e+04
2.659328710937500000e+04
2.673983984375000000e+04
2.687875390625000000e+04
2.700960742187500000e+04
2.713198046875000000e+04
2.724544921875000000e+04
2.734958789062500000e+04
2.744396875000000000e+04
2.752815625000000000e+04
2.760172070312500000e+04
2.766424023437500000e+04
2.771528906250000000e+04
2.775444921875000000e+04
2.778131445312500000e+04
2.779548437500000000e+04
2.779657421875000000e+04
2.778421289062500000e+04
2.775804882812500000e+04
2.771775000000000000e+04
2.766300976562500000e+04
2.759354882812500000e+04
2.750911914062500000e+04
2.740950390625000000e+04
2.729452148437500000e+04
2.716403710937500000e+04
2.701795312500000000e+04
2.685622070312500000e+04
2.667883398437500000e+04
2.648584765625000000e+04
2.627736523437500000e+04
2.605354492187500000e+04
2.581458984375000000e+04
2.556077539062500000e+04
2.529243359375000000e+04
2.500993945312500000e+04
2.471372265625000000e+04
2.440427539062500000e+04
2.408214257812500000e+04
2.374790625000000000e+04
2.340218554687500000e+04
2.304565429687500000e+04
2.267902734375000000e+04
2.230303125000000000e+04
2.191841796875000000e+04
2.152597656250000000e+04
2.112650781250000000e+04
2.072081445312500000e+04
2.030970507812500000e+04
1.989398242187500000e+04
1.947446289062500000e+04
1.905194921875000000e+04
1.862721679687500000e+04
1.820102343750000000e+04
1.777411914062500000e+04
1.734723046875000000e+04
1.692104687500000000e+04
1.649621875000000000e+04
1.607338769531250000e+04
1.565315917968750000e+04
1.523608886718750000e+04
1.482269824218750000e+04
1.441348925781250000e+04
1.400892675781250000e+04
1.360942480468750000e+04
1.321536132812500000e+04
1.282709765625000000e+04
1.244495703125000000e+04
1.206921679687500000e+04
1.170012109375000000e+04
1.133789648437500000e+04
1.098274316406250000e+04
1.063481542968750000e+04
1.029424023437500000e+04
9.961135742187500000e+03
9.635591796875000000e+03
9.317665039062500000e+03
9.007389648437500000e+03
8.704797851562500000e+03
8.409881835937500000e+03
8.122635742187500000e+03
7.843019531250000000e+03
7.570998046875000000e+03
7.306501464843750000e+03
7.049469726562500000e+03
6.799810546875000000e+03
6.557442382812500000e+03
6.322255371093750000e+03
6.094149902343750000e+03
5.873006347656250000e+03
5.658698730468750000e+03
5.451104980468750000e+03
5.250097656250000000e+03
5.055538574218750000e+03
4.867285156250000000e+03
4.685201660156250000e+03
4.509148437500000000e+03
4.338978515625000000e+03
4.174543945312500000e+03
4.015703369140625000e+03
3.862314208984375000e+03
3.714228515625000000e+03
3.571299072265625000e+03
3.433388427734375000e+03
3.300348876953125000e+03
3.172045166015625000e+03
3.048333496093750000e+03
2.929081542968750000e+03
2.814149414062500000e+03
2.703408935546875000e+03
2.596725097656250000e+03
2.493974365234375000e+03
2.395026611328125000e+03
2.299763183593750000e+03
2.208061767578125000e+03
2.119801025390625000e+03
2.034873046875000000e+03
1.953162597656250000e+03
1.874560302734375000e+03
1.798956420898437500e+03
1.726253662109375000e+03
1.656347900390625000e+03
1.589141113281250000e+03
1.524535278320312500e+03
1.462443237304687500e+03
1.402772338867187500e+03
1.345435302734375000e+03
1.290347778320312500e+03
1.237425415039062500e+03
1.186593261718750000e+03
1.137772094726562500e+03
1.090887573242187500e+03
1.045865600585937500e+03
1.002640319824218750e+03
9.611424560546875000e+02
9.213068237304687500e+02
8.830689086914062500e+02
8.463709716796875000e+02
8.111527709960937500e+02
7.773574829101562500e+02
7.449290771484375000e+02
7.138175048828125000e+02
6.839702758789062500e+02
6.553383178710937500e+02
6.278732299804687500e+02
6.015314941406250000e+02
5.762679443359375000e+02
5.520402221679687500e+02
5.288065185546875000e+02
5.065292968750000000e+02
4.851697692871093750e+02
4.646914672851562500e+02
4.450584411621093750e+02
4.262385253906250000e+02
4.081982727050781250e+02
3.909065246582031250e+02
3.743324584960937500e+02
3.584484252929687500e+02
3.432259216308593750e+02
