1.470000000000000000e+03
1.496422607421875000e+03
1.523300048828125000e+03
1.550640014648437500e+03
1.578450561523437500e+03
1.606739501953125000e+03
1.635514526367187500e+03
1.664783813476562500e+03
1.694555419921875000e+03
1.724837402343750000e+03
1.755638061523437500e+03
1.786965698242187500e+03
1.818828857421875000e+03
1.851235839843750000e+03
1.884195312500000000e+03
1.917716064453125000e+03
1.951806884765625000e+03
1.986476440429687500e+03
2.021733886718750000e+03
2.057588378906250000e+03
2.094048828125000000e+03
2.131125000000000000e+03
2.168825683593750000e+03
2.207160888671875000e+03
2.246140136718750000e+03
2.285772949218750000e+03
2.326069580078125000e+03
2.367039306640625000e+03
2.408692382812500000e+03
2.451039306640625000e+03
2.494090332031250000e+03
2.537855224609375000e+03
2.582345214843750000e+03
2.627570556640625000e+03
2.673541748046875000e+03
2.720269531250000000e+03
2.767764892578125000e+03
2.816039306640625000e+03
2.865103515625000000e+03
2.914968994140625000e+03
2.965646484375000000e+03
3.017147949218750000e+03
3.069484375000000000e+03
3.122668212890625000e+03
3.176710693359375000e+03
3.231623779296875000e+03
3.287419433593750000e+03
3.344109863281250000e+03
3.401706787109375000e+03
3.460222900390625000e+03
3.519670654296875000e+03
3.580062500000000000e+03
3.641410644531250000e+03
3.703727783203125000e+03
3.767026855468750000e+03
3.831320556640625000e+03
3.896621582031250000e+03
3.962943847656250000e+03
4.030299804687500000e+03
4.098702636718750000e+03
4.168166503906250000e+03
4.238703613281250000e+03
4.310327636718750000e+03
4.383053222656250000e+03
4.456892578125000000e+03
4.531860839843750000e+03
4.607970214843750000e+03
4.685235839843750000e+03
4.763671875000000000e+03
4.843291015625000000e+03
4.924108886718750000e+03
5.006138671875000000e+03
5.089395019531250000e+03
5.173891601562500000e+03
5.259644531250000000e+03
5.346666015625000000e+03
5.434973632812500000e+03
5.524578125000000000e+03
5.615498046875000000e+03
5.707745117187500000e+03
5.801336425781250000e+03
5.896284179687500000e+03
5.992606445312500000e+03
6.090315917968750000e+03
6.189428710937500000e+03
6.289959472656250000e+03
6.391923339843750000e+03
6.495335937500000000e+03
6.600212402343750000e+03
6.706567382812500000e+03
6.814417480468750000e+03
6.923777343750000000e+03
7.034661621093750000e+03
7.147087890625000000e+03
7.261069824218750000e+03
7.376624023437500000e+03
7.493765625000000000e+03
7.612510253906250000e+03
7.732874023437500000e+03
7.854872070312500000e+03
7.978520996093750000e+03
8.103835937500000000e+03
8.230833007812500000e+03
8.359528320312500000e+03
8.489937500000000000e+03
8.622076171875000000e+03
8.755959960937500000e+03
8.891605468750000000e+03
9.029028320312500000e+03
9.168245117187500000e+03
9.309271484375000000e+03
9.452123046875000000e+03
9.596813476562500000e+03
9.743362304687500000e+03
9.891783203125000000e+03
1.004209277343750000e+04
1.019430664062500000e+04
1.034844042968750000e+04
1.050450781250000000e+04
1.066252539062500000e+04
1.082250878906250000e+04
1.098447265625000000e+04
1.114843164062500000e+04
1.131440039062500000e+04
1.148239355468750000e+04
1.165242382812500000e+04
1.182450683593750000e+04
1.199865429687500000e+04
1.217488085937500000e+04
1.235319824218750000e+04
1.253361718750000000e+04
1.271615039062500000e+04
1.290080957031250000e+04
1.308760351562500000e+04
1.327654296875000000e+04
1.346763476562500000e+04
1.366088769531250000e+04
1.385630761718750000e+04
1.405390136718750000e+04
1.425367187500000000e+04
1.445562207031250000e+04
1.465975488281250000e+04
1.486606933593750000e+04
1.507456347656250000e+04
1.528523437500000000e+04
1.549807324218750000e+04
1.571307812500000000e+04
1.593023535156250000e+04
1.614953320312500000e+04
1.637095605468750000e+04
1.659448437500000000e+04
1.682009765625000000e+04
1.704777148437500000e+04
1.727747656250000000e+04
1.750917773437500000e+04
1.774284570312500000e+04
1.797843554687500000e+04
1.821589648437500000e+04
1.845518164062500000e+04
1.869624023437500000e+04
1.893900585937500000e+04
1.918340625000000000e+04
1.942937304687500000e+04
1.967683203125000000e+04
1.992568750000000000e+04
2.017584570312500000e+04
2.042720117187500000e+04
2.067965429687500000e+04
2.093307617187500000e+04
2.118734765625000000e+04
2.144232421875000000e+04
2.169786718750000000e+04
2.195381054687500000e+04
2.221000195312500000e+04
2.246625390625000000e+04
2.272238671875000000e+04
2.297819335937500000e+04
2.323347460937500000e+04
2.348800000000000000e+04
2.374154101562500000e+04
2.399384570312500000e+04
2.424466406250000000e+04
2.449371484375000000e+04
2.474072070312500000e+04
2.498538281250000000e+04
2.522738671875000000e+04
2.546641210937500000e+04
2.570211328125000000e+04
2.593414843750000000e+04
2.616214453125000000e+04
2.638572656250000000e+04
2.660449804687500000e+04
2.681805468750000000e+04
2.702597460937500000e+04
2.722782812500000000e+04
2.742316210937500000e+04
2.761152539062500000e+04
2.779243359375000000e+04
2.796541406250000000e+04
2.812995898437500000e+04
2.828556640625000000e+04
2.843171875000000000e+04
2.856788671875000000e+04
2.869352343750000000e+04
2.880808593750000000e+04
2.891102734375000000e+04
2.900177929687500000e+04
2.907977539062500000e+04
2.914445312500000000e+04
2.919524218750000000e+04
2.923157617187500000e+04
2.925289062500000000e+04
2.925863085937500000e+04
2.924825585937500000e+04
2.922123046875000000e+04
2.917704492187500000e+04
2.911521289062500000e+04
2.903526757812500000e+04
2.893678906250000000e+04
2.881939062500000000e+04
2.868272851562500000e+04
2.852651171875000000e+04
2.835050781250000000e+04
2.815455468750000000e+04
2.793855859375000000e+04
2.770250000000000000e+04
2.744643359375000000e+04
2.717051953125000000e+04
2.687500195312500000e+04
2.656021289062500000e+04
2.622657617187500000e+04
2.587462695312500000e+04
2.550499414062500000e+04
2.511838476562500000e+04
2.471559960937500000e+04
2.429752929687500000e+04
2.386515234375000000e+04
2.341949414062500000e+04
2.296164453125000000e+04
2.249275976562500000e+04
2.201404101562500000e+04
2.152669921875000000e+04
2.103196679687500000e+04
2.053110351562500000e+04
2.002536914062500000e+04
1.951599609375000000e+04
1.900419140625000000e+04
1.849115625000000000e+04
1.797805078125000000e+04
1.746597656250000000e+04
1.695598046875000000e+04
1.644907812500000000e+04
1.594622363281250000e+04
1.544828906250000000e+04
1.495609570312500000e+04
1.447038281250000000e+04
1.399184863281250000e+04
1.352112304687500000e+04
1.305875097656250000e+04
1.260521484375000000e+04
1.216095312500000000e+04
1.172634277343750000e+04
1.130168554687500000e+04
1.088723339843750000e+04
1.048319726562500000e+04
1.008974316406250000e+04
9.706974609375000000e+03
9.334952148437500000e+03
8.973713867187500000e+03
8.623262695312500000e+03
8.283553710937500000e+03
7.954511230468750000e+03
7.636049804687500000e+03
7.328056640625000000e+03
7.030385253906250000e+03
6.742873535156250000e+03
6.465352539062500000e+03
6.197638183593750000e+03
5.939525390625000000e+03
5.690797363281250000e+03
5.451240722656250000e+03
5.220633300781250000e+03
4.998739746093750000e+03
4.785320800781250000e+03
4.580146484375000000e+03
4.382968750000000000e+03
4.193556152343750000e+03
4.011661621093750000e+03
3.837052978515625000e+03
3.669487304687500000e+03
3.508736816406250000e+03
3.354564208984375000e+03
3.206747802734375000e+03
3.065058105468750000e+03
2.929281250000000000e+03
2.799200195312500000e+03
2.674601806640625000e+03
2.555284667968750000e+03
2.441050537109375000e+03
2.331703125000000000e+03
2.227050781250000000e+03
2.126912597656250000e+03
2.031112182617187500e+03
1.939475219726562500e+03
1.851832397460937500e+03
1.768024291992187500e+03
1.687895874023437500e+03
1.611294677734375000e+03
1.538073364257812500e+03
1.468094116210937500e+03
1.401218872070312500e+03
1.337319458007812500e+03
1.276267456054687500e+03
1.217944580078125000e+03
1.162231811523437500e+03
1.109019409179687500e+03
1.058197509765625000e+03
1.009664855957031250e+03
9.633200683593750000e+02
9.190697631835937500e+02
8.768214111328125000e+02
8.364857788085937500e+02
7.979816894531250000e+02
7.612269897460937500e+02
7.261442260742187500e+02
6.926578979492187500e+02
6.606996459960937500e+02
6.302001342773437500e+02
6.010941772460937500e+02
5.733183593750000000e+02
5.468151855468750000e+02
5.215264282226562500e+02
4.973973083496093750e+02
4.743756408691406250e+02
4.524105529785156250e+02
4.314559631347656250e+02
4.114652099609375000e+02
3.923945617675781250e+02
3.742015686035156250e+02
3.568476867675781250e+02
3.402940368652343750e+02
3.245041198730468750e+02
3.094424743652343750e+02
2.950769958496093750e+02
2.813752746582031250e+02
2.683069763183593750e+02
2.558425140380859375e+02
2.439552154541015625e+02
2.326181030273437500e+02
2.218059082031250000e+02
2.114940795898437500e+02
2.016604461669921875e+02
1.922825622558593750e+02
1.833394622802734375e+02
1.748107604980468750e+02
1.666780090332031250e+02
1.589226379394531250e+02
1.515271911621093750e+02
1.444747924804687500e+02
1.377501373291015625e+02
1.313378143310546875e+02
1.252233657836914062e+02
1.193927841186523438e+02
1.138333892822265625e+02
1.085323944091796875e+02
