1.470000000000000000e+03
1.495000488281250000e+03
1.520406860351562500e+03
1.546225585937500000e+03
1.572462890625000000e+03
1.599125122070312500e+03
1.626218872070312500e+03
1.653750366210937500e+03
1.681726440429687500e+03
1.710153930664062500e+03
1.739039306640625000e+03
1.768389526367187500e+03
1.798211547851562500e+03
1.828512451171875000e+03
1.859299072265625000e+03
1.890578613281250000e+03
1.922358520507812500e+03
1.954645751953125000e+03
1.987447998046875000e+03
2.020772460937500000e+03
2.054626953125000000e+03
2.089018798828125000e+03
2.123956054687500000e+03
2.159446289062500000e+03
2.195497314453125000e+03
2.232116943359375000e+03
2.269313476562500000e+03
2.307094970703125000e+03
2.345469238281250000e+03
2.384445068359375000e+03
2.424030517578125000e+03
2.464233886718750000e+03
2.505063964843750000e+03
2.546529296875000000e+03
2.588637939453125000e+03
2.631399169921875000e+03
2.674822021484375000e+03
2.718914794921875000e+03
2.763686523437500000e+03
2.809146728515625000e+03
2.855304199218750000e+03
2.902167968750000000e+03
2.949747314453125000e+03
2.998051513671875000e+03
3.047090576171875000e+03
3.096873291015625000e+03
3.147409423828125000e+03
3.198708740234375000e+03
3.250780761718750000e+03
3.303635253906250000e+03
3.357282226562500000e+03
3.411731445312500000e+03
3.466992675781250000e+03
3.523076416015625000e+03
3.579992431640625000e+03
3.637750732421875000e+03
3.696361328125000000e+03
3.755835205078125000e+03
3.816182373046875000e+03
3.877413574218750000e+03
3.939538574218750000e+03
4.002568115234375000e+03
4.066512939453125000e+03
4.131383789062500000e+03
4.197190429687500000e+03
4.263944335937500000e+03
4.331656250000000000e+03
4.400336914062500000e+03
4.469997558593750000e+03
4.540648437500000000e+03
4.612300781250000000e+03
4.684964843750000000e+03
4.758652343750000000e+03
4.833373535156250000e+03
4.909141601562500000e+03
4.985964355468750000e+03
5.063856445312500000e+03
5.142826171875000000e+03
5.222886718750000000e+03
5.304046875000000000e+03
5.386321289062500000e+03
5.469717285156250000e+03
5.554250000000000000e+03
5.639926757812500000e+03
5.726761718750000000e+03
5.814765136718750000e+03
5.903948730468750000e+03
5.994323242187500000e+03
6.085900390625000000e+03
6.178690917968750000e+03
6.272706542968750000e+03
6.367958007812500000e+03
6.464456542968750000e+03
6.562213867187500000e+03
6.661241210937500000e+03
6.761548828125000000e+03
6.863148925781250000e+03
6.966051757812500000e+03
7.070268554687500000e+03
7.175811035156250000e+03
7.282689453125000000e+03
7.390914550781250000e+03
7.500497070312500000e+03
7.611448242187500000e+03
7.723778320312500000e+03
7.837498046875000000e+03
7.952618164062500000e+03
8.069148925781250000e+03
8.187100097656250000e+03
8.306482421875000000e+03
8.427306640625000000e+03
8.549581054687500000e+03
8.673314453125000000e+03
8.798519531250000000e+03
8.925205078125000000e+03
9.053378906250000000e+03
9.183050781250000000e+03
9.314229492187500000e+03
9.446922851562500000e+03
9.581140625000000000e+03
9.716890625000000000e+03
9.854179687500000000e+03
9.993014648437500000e+03
1.013340429687500000e+04
1.027535351562500000e+04
1.041887109375000000e+04
1.056396191406250000e+04
1.071062890625000000e+04
1.085888085937500000e+04
1.100872070312500000e+04
1.116015039062500000e+04
1.131317578125000000e+04
1.146779785156250000e+04
1.162401953125000000e+04
1.178184179687500000e+04
1.194126562500000000e+04
1.210228906250000000e+04
1.226491210937500000e+04
1.242913085937500000e+04
1.259494335937500000e+04
1.276234472656250000e+04
1.293132812500000000e+04
1.310188769531250000e+04
1.327401464843750000e+04
1.344770019531250000e+04
1.362293066406250000e+04
1.379969628906250000e+04
1.397798046875000000e+04
1.415776757812500000e+04
1.433903906250000000e+04
1.452177441406250000e+04
1.470595214843750000e+04
1.489154492187500000e+04
1.507852832031250000e+04
1.526686816406250000e+04
1.545653906250000000e+04
1.564750292968750000e+04
1.583971582031250000e+04
1.603314160156250000e+04
1.622773828125000000e+04
1.642345507812500000e+04
1.662023632812500000e+04
1.681802929687500000e+04
1.701677929687500000e+04
1.721641992187500000e+04
1.741687890625000000e+04
1.761808789062500000e+04
1.781997460937500000e+04
1.802245117187500000e+04
1.822543750000000000e+04
1.842883398437500000e+04
1.863255468750000000e+04
1.883648632812500000e+04
1.904053320312500000e+04
1.924457031250000000e+04
1.944848828125000000e+04
1.965215429687500000e+04
1.985544531250000000e+04
2.005821679687500000e+04
2.026033007812500000e+04
2.046163085937500000e+04
2.066196679687500000e+04
2.086116992187500000e+04
2.105907031250000000e+04
2.125550000000000000e+04
2.145026562500000000e+04
2.164318554687500000e+04
2.183405468750000000e+04
2.202267578125000000e+04
2.220883593750000000e+04
2.239232226562500000e+04
2.257290625000000000e+04
2.275036328125000000e+04
2.292445117187500000e+04
2.309493750000000000e+04
2.326156445312500000e+04
2.342408789062500000e+04
2.358224023437500000e+04
2.373576562500000000e+04
2.388438476562500000e+04
2.402783203125000000e+04
2.416582812500000000e+04
2.429809179687500000e+04
2.442433007812500000e+04
2.454425781250000000e+04
2.465758789062500000e+04
2.476402343750000000e+04
2.486326367187500000e+04
2.495501562500000000e+04
2.503898437500000000e+04
2.511486914062500000e+04
2.518237304687500000e+04
2.524120312500000000e+04
2.529106640625000000e+04
2.533167382812500000e+04
2.536273632812500000e+04
2.538397851562500000e+04
2.539512500000000000e+04
2.539590820312500000e+04
2.538607226562500000e+04
2.536537109375000000e+04
2.533356835937500000e+04
2.529043750000000000e+04
2.523577539062500000e+04
2.516938671875000000e+04
2.509109960937500000e+04
2.500075585937500000e+04
2.489822656250000000e+04
2.478340429687500000e+04
2.465619921875000000e+04
2.451655664062500000e+04
2.436444921875000000e+04
2.419988476562500000e+04
2.402289453125000000e+04
2.383354296875000000e+04
2.363193945312500000e+04
2.341822851562500000e+04
2.319258593750000000e+04
2.295522070312500000e+04
2.270639062500000000e+04
2.244639257812500000e+04
2.217555273437500000e+04
2.189423046875000000e+04
2.160283203125000000e+04
2.130180273437500000e+04
2.099160351562500000e+04
2.067272851562500000e+04
2.034570898437500000e+04
2.001110742187500000e+04
1.966949023437500000e+04
1.932144531250000000e+04
1.896758593750000000e+04
1.860854296875000000e+04
1.824493750000000000e+04
1.787740625000000000e+04
1.750657812500000000e+04
1.713309179687500000e+04
1.675758789062500000e+04
1.638067773437500000e+04
1.600296289062500000e+04
1.562504687500000000e+04
1.524751464843750000e+04
1.487091796875000000e+04
1.449578710937500000e+04
1.412264257812500000e+04
1.375198437500000000e+04
1.338426855468750000e+04
1.301992773437500000e+04
1.265937597656250000e+04
1.230300585937500000e+04
1.195116503906250000e+04
1.160417089843750000e+04
1.126233007812500000e+04
1.092591894531250000e+04
1.059517382812500000e+04
1.027030664062500000e+04
9.951512695312500000e+03
9.638966796875000000e+03
9.332801757812500000e+03
9.033131835937500000e+03
8.740057617187500000e+03
8.453663085937500000e+03
8.173997070312500000e+03
7.901091308593750000e+03
7.634976562500000000e+03
7.375645507812500000e+03
7.123096679687500000e+03
6.877293945312500000e+03
6.638208007812500000e+03
6.405777832031250000e+03
6.179951660156250000e+03
5.960648437500000000e+03
5.747795410156250000e+03
5.541296386718750000e+03
5.341062988281250000e+03
5.146988769531250000e+03
4.958962402343750000e+03
4.776875000000000000e+03
4.600612792968750000e+03
4.430052734375000000e+03
4.265067382812500000e+03
4.105535156250000000e+03
3.951331542968750000e+03
3.802324707031250000e+03
3.658382568359375000e+03
3.519377929687500000e+03
3.385183105468750000e+03
3.255666259765625000e+03
3.130695068359375000e+03
3.010146484375000000e+03
2.893888183593750000e+03
2.781799316406250000e+03
2.673750732421875000e+03
2.569624267578125000e+03
2.469294921875000000e+03
2.372647949218750000e+03
2.279562744140625000e+03
2.189928955078125000e+03
2.103630615234375000e+03
2.020561645507812500e+03
1.940613037109375000e+03
1.863677001953125000e+03
1.789657348632812500e+03
1.718451538085937500e+03
1.649962158203125000e+03
1.584092285156250000e+03
1.520755249023437500e+03
1.459858764648437500e+03
1.401316040039062500e+03
1.345040649414062500e+03
1.290955200195312500e+03
1.238977905273437500e+03
1.189031860351562500e+03
1.141042602539062500e+03
1.094936035156250000e+03
1.050645996093750000e+03
1.008102966308593750e+03
9.672415771484375000e+02
9.279969482421875000e+02
8.903111572265625000e+02
8.541235961914062500e+02
8.193772583007812500e+02
7.860156860351562500e+02
7.539885253906250000e+02
7.232430419921875000e+02
6.937298583984375000e+02
6.654001464843750000e+02
6.382102050781250000e+02
6.121145019531250000e+02
5.870703735351562500e+02
5.630357055664062500e+02
5.399727783203125000e+02
5.178424682617187500e+02
4.966080017089843750e+02
4.762332153320312500e+02
4.566856689453125000e+02
4.379317626953125000e+02
4.199399719238281250e+02
4.026792907714843750e+02
3.861219177246093750e+02
3.702391052246093750e+02
3.550038452148437500e+02
3.403896179199218750e+02
3.263726806640625000e+02
3.129284362792968750e+02
