1.470000000000000000e+03
1.497426025390625000e+03
1.525344970703125000e+03
1.553765014648437500e+03
1.582694946289062500e+03
1.612143188476562500e+03
1.642118530273437500e+03
1.672630004882812500e+03
1.703686645507812500e+03
1.735297363281250000e+03
1.767471557617187500e+03
1.800218505859375000e+03
1.833547973632812500e+03
1.867469360351562500e+03
1.901992431640625000e+03
1.937127319335937500e+03
1.972883666992187500e+03
2.009271728515625000e+03
2.046302001953125000e+03
2.083984375000000000e+03
2.122329833984375000e+03
2.161348876953125000e+03
2.201052246093750000e+03
2.241450683593750000e+03
2.282555419921875000e+03
2.324377685546875000e+03
2.366928710937500000e+03
2.410219970703125000e+03
2.454262695312500000e+03
2.499068847656250000e+03
2.544650146484375000e+03
2.591018554687500000e+03
2.638186279296875000e+03
2.686165283203125000e+03
2.734967529296875000e+03
2.784606201171875000e+03
2.835093505859375000e+03
2.886442138671875000e+03
2.938665039062500000e+03
2.991775146484375000e+03
3.045785156250000000e+03
3.100708496093750000e+03
3.156558105468750000e+03
3.213348144531250000e+03
3.271091796875000000e+03
3.329802246093750000e+03
3.389493652343750000e+03
3.450179687500000000e+03
3.511874511718750000e+03
3.574591552734375000e+03
3.638345703125000000e+03
3.703150634765625000e+03
3.769021240234375000e+03
3.835971435546875000e+03
3.904015625000000000e+03
3.973169189453125000e+03
4.043445556640625000e+03
4.114860839843750000e+03
4.187429199218750000e+03
4.261165527343750000e+03
4.336084960937500000e+03
4.412202148437500000e+03
4.489531738281250000e+03
4.568090332031250000e+03
4.647891601562500000e+03
4.728951660156250000e+03
4.811284667968750000e+03
4.894907226562500000e+03
4.979833496093750000e+03
5.066079101562500000e+03
5.153659667968750000e+03
5.242589843750000000e+03
5.332885253906250000e+03
5.424560546875000000e+03
5.517633789062500000e+03
5.612115234375000000e+03
5.708025878906250000e+03
5.805375000000000000e+03
5.904182617187500000e+03
6.004459472656250000e+03
6.106224609375000000e+03
6.209488769531250000e+03
6.314270996093750000e+03
6.420582031250000000e+03
6.528438964843750000e+03
6.637855957031250000e+03
6.748846679687500000e+03
6.861425781250000000e+03
6.975606445312500000e+03
7.091404296875000000e+03
7.208831542968750000e+03
7.327902832031250000e+03
7.448629882812500000e+03
7.571027343750000000e+03
7.695107421875000000e+03
7.820882812500000000e+03
7.948366699218750000e+03
8.077570312500000000e+03
8.208505859375000000e+03
8.341184570312500000e+03
8.475618164062500000e+03
8.611818359375000000e+03
8.749793945312500000e+03
8.889556640625000000e+03
9.031117187500000000e+03
9.174482421875000000e+03
9.319663085937500000e+03
9.466668945312500000e+03
9.615506835937500000e+03
9.766185546875000000e+03
9.918711914062500000e+03
1.007309277343750000e+04
1.022933300781250000e+04
1.038744238281250000e+04
1.054742285156250000e+04
1.070928125000000000e+04
1.087302050781250000e+04
1.103864453125000000e+04
1.120615625000000000e+04
1.137555664062500000e+04
1.154684863281250000e+04
1.172003320312500000e+04
1.189510937500000000e+04
1.207207714843750000e+04
1.225093359375000000e+04
1.243167871093750000e+04
1.261430664062500000e+04
1.279881347656250000e+04
1.298519531250000000e+04
1.317344531250000000e+04
1.336355566406250000e+04
1.355551855468750000e+04
1.374932421875000000e+04
1.394496386718750000e+04
1.414242285156250000e+04
1.434168945312500000e+04
1.454275000000000000e+04
1.474558691406250000e+04
1.495018261718750000e+04
1.515651953125000000e+04
1.536457617187500000e+04
1.557433203125000000e+04
1.578576269531250000e+04
1.599884082031250000e+04
1.621353906250000000e+04
1.642982812500000000e+04
1.664767968750000000e+04
1.686705468750000000e+04
1.708792187500000000e+04
1.731024023437500000e+04
1.753396875000000000e+04
1.775906445312500000e+04
1.798547851562500000e+04
1.821316601562500000e+04
1.844206835937500000e+04
1.867214062500000000e+04
1.890331835937500000e+04
1.913553320312500000e+04
1.936872460937500000e+04
1.960283007812500000e+04
1.983776953125000000e+04
2.007346289062500000e+04
2.030983007812500000e+04
2.054679296875000000e+04
2.078425195312500000e+04
2.102211132812500000e+04
2.126027148437500000e+04
2.149863671875000000e+04
2.173708007812500000e+04
2.197549804687500000e+04
2.221375585937500000e+04
2.245173632812500000e+04
2.268929492187500000e+04
2.292629687500000000e+04
2.316258789062500000e+04
2.339801757812500000e+04
2.363241796875000000e+04
2.386562890625000000e+04
2.409746093750000000e+04
2.432774218750000000e+04
2.455626757812500000e+04
2.478284765625000000e+04
2.500726367187500000e+04
2.522930273437500000e+04
2.544874609375000000e+04
2.566534570312500000e+04
2.587887109375000000e+04
2.608906054687500000e+04
2.629566406250000000e+04
2.649840429687500000e+04
2.669701367187500000e+04
2.689119531250000000e+04
2.708066796875000000e+04
2.726511718750000000e+04
2.744424023437500000e+04
2.761771679687500000e+04
2.778522460937500000e+04
2.794642578125000000e+04
2.810099023437500000e+04
2.824856640625000000e+04
2.838881054687500000e+04
2.852136523437500000e+04
2.864587695312500000e+04
2.876197851562500000e+04
2.886931054687500000e+04
2.896751171875000000e+04
2.905621679687500000e+04
2.913506250000000000e+04
2.920369335937500000e+04
2.926175390625000000e+04
2.930888867187500000e+04
2.934476171875000000e+04
2.936903320312500000e+04
2.938138867187500000e+04
2.938150976562500000e+04
2.936910351562500000e+04
2.934389062500000000e+04
2.930560937500000000e+04
2.925401562500000000e+04
2.918889453125000000e+04
2.911004882812500000e+04
2.901730859375000000e+04
2.891053710937500000e+04
2.878962109375000000e+04
2.865448828125000000e+04
2.850508984375000000e+04
2.834141406250000000e+04
2.816349218750000000e+04
2.797139257812500000e+04
2.776521679687500000e+04
2.754510546875000000e+04
2.731124218750000000e+04
2.706385937500000000e+04
2.680321679687500000e+04
2.652961132812500000e+04
2.624339257812500000e+04
2.594494726562500000e+04
2.563468554687500000e+04
2.531305859375000000e+04
2.498055859375000000e+04
2.463770703125000000e+04
2.428504687500000000e+04
2.392314453125000000e+04
2.355260351562500000e+04
2.317404687500000000e+04
2.278810351562500000e+04
2.239541210937500000e+04
2.199664062500000000e+04
2.159246484375000000e+04
2.118354687500000000e+04
2.077054882812500000e+04
2.035415234375000000e+04
1.993502929687500000e+04
1.951382812500000000e+04
1.909119140625000000e+04
1.866774609375000000e+04
1.824411914062500000e+04
1.782091210937500000e+04
1.739869726562500000e+04
1.697802148437500000e+04
1.655942773437500000e+04
1.614343164062500000e+04
1.573050878906250000e+04
1.532110546875000000e+04
1.491566113281250000e+04
1.451458398437500000e+04
1.411824121093750000e+04
1.372697070312500000e+04
1.334109765625000000e+04
1.296092187500000000e+04
1.258670019531250000e+04
1.221866210937500000e+04
1.185702636718750000e+04
1.150198828125000000e+04
1.115370117187500000e+04
1.081229882812500000e+04
1.047790429687500000e+04
1.015062109375000000e+04
9.830515625000000000e+03
9.517637695312500000e+03
9.212032226562500000e+03
8.913723632812500000e+03
8.622711914062500000e+03
8.338980468750000000e+03
8.062513671875000000e+03
7.793264648437500000e+03
7.531193847656250000e+03
7.276229980468750000e+03
7.028312011718750000e+03
6.787351074218750000e+03
6.553267089843750000e+03
6.325956542968750000e+03
6.105324218750000000e+03
5.891255371093750000e+03
5.683644042968750000e+03
5.482368164062500000e+03
5.287301757812500000e+03
5.098324218750000000e+03
4.915312011718750000e+03
4.738130371093750000e+03
4.566645019531250000e+03
4.400727050781250000e+03
4.240245117187500000e+03
4.085062255859375000e+03
3.935041503906250000e+03
3.790052001953125000e+03
3.649963378906250000e+03
3.514639892578125000e+03
3.383947509765625000e+03
3.257761474609375000e+03
3.135947998046875000e+03
3.018385009765625000e+03
2.904942138671875000e+03
2.795500732421875000e+03
2.689935058593750000e+03
2.588130859375000000e+03
2.489966308593750000e+03
2.395331542968750000e+03
2.304110351562500000e+03
2.216196777343750000e+03
2.131481689453125000e+03
2.049857421875000000e+03
1.971228271484375000e+03
1.895491210937500000e+03
1.822549316406250000e+03
1.752305297851562500e+03
1.684672729492187500e+03
1.619559326171875000e+03
1.556878051757812500e+03
1.496542236328125000e+03
1.438474731445312500e+03
1.382593261718750000e+03
1.328820678710937500e+03
1.277082153320312500e+03
1.227303222656250000e+03
1.179417114257812500e+03
1.133354125976562500e+03
1.089048217773437500e+03
1.046433715820312500e+03
1.005452453613281250e+03
9.660428466796875000e+02
9.281472778320312500e+02
8.917083740234375000e+02
8.566751708984375000e+02
8.229940185546875000e+02
7.906146240234375000e+02
7.594871826171875000e+02
7.295672607421875000e+02
7.008082275390625000e+02
6.731665649414062500e+02
6.465988769531250000e+02
6.210668334960937500e+02
5.965299682617187500e+02
5.729505615234375000e+02
5.502913208007812500e+02
5.285187988281250000e+02
5.075983276367187500e+02
4.874972229003906250e+02
4.681833801269531250e+02
4.496280212402343750e+02
4.318011474609375000e+02
4.146747741699218750e+02
3.982211914062500000e+02
3.824156799316406250e+02
3.672325134277343750e+02
