1.470000000000000000e+03
1.494075561523437500e+03
1.518523071289062500e+03
1.543347412109375000e+03
1.568554199218750000e+03
1.594148681640625000e+03
1.620136108398437500e+03
1.646522216796875000e+03
1.673312377929687500e+03
1.700512084960937500e+03
1.728127197265625000e+03
1.756162963867187500e+03
1.784625610351562500e+03
1.813520629882812500e+03
1.842854003906250000e+03
1.872631469726562500e+03
1.902859008789062500e+03
1.933542846679687500e+03
1.964688598632812500e+03
1.996302734375000000e+03
2.028391235351562500e+03
2.060960449218750000e+03
2.094016357421875000e+03
2.127565673828125000e+03
2.161614501953125000e+03
2.196169189453125000e+03
2.231236572265625000e+03
2.266822753906250000e+03
2.302934082031250000e+03
2.339577880859375000e+03
2.376760498046875000e+03
2.414488525390625000e+03
2.452768798828125000e+03
2.491608398437500000e+03
2.531013671875000000e+03
2.570991699218750000e+03
2.611549560546875000e+03
2.652694335937500000e+03
2.694432617187500000e+03
2.736771728515625000e+03
2.779718994140625000e+03
2.823281250000000000e+03
2.867465576171875000e+03
2.912279785156250000e+03
2.957730712890625000e+03
3.003825683593750000e+03
3.050572265625000000e+03
3.097977783203125000e+03
3.146049560546875000e+03
3.194795410156250000e+03
3.244222412109375000e+03
3.294338378906250000e+03
3.345150878906250000e+03
3.396667480468750000e+03
3.448895751953125000e+03
3.501843750000000000e+03
3.555518310546875000e+03
3.609928222656250000e+03
3.665080566406250000e+03
3.720983398437500000e+03
3.777644775390625000e+03
3.835072265625000000e+03
3.893273681640625000e+03
3.952257080078125000e+03
4.012030517578125000e+03
4.072601806640625000e+03
4.133979003906250000e+03
4.196170410156250000e+03
4.259183105468750000e+03
4.323026367187500000e+03
4.387708007812500000e+03
4.453235839843750000e+03
4.519618164062500000e+03
4.586862792968750000e+03
4.654979492187500000e+03
4.723974121093750000e+03
4.793857910156250000e+03
4.864635742187500000e+03
4.936319335937500000e+03
5.008914550781250000e+03
5.082432617187500000e+03
5.156878417968750000e+03
5.232263671875000000e+03
5.308593750000000000e+03
5.385880371093750000e+03
5.464130371093750000e+03
5.543353515625000000e+03
5.623557128906250000e+03
5.704751464843750000e+03
5.786943847656250000e+03
5.870145019531250000e+03
5.954361816406250000e+03
6.039604980468750000e+03
6.125883300781250000e+03
6.213205078125000000e+03
6.301580566406250000e+03
6.391019042968750000e+03
6.481529296875000000e+03
6.573120605468750000e+03
6.665803710937500000e+03
6.759587402343750000e+03
6.854481933593750000e+03
6.950496582031250000e+03
7.047642089843750000e+03
7.145928710937500000e+03
7.245366699218750000e+03
7.345966308593750000e+03
7.447737792968750000e+03
7.550692871093750000e+03
7.654842285156250000e+03
7.760196777343750000e+03
7.866768066406250000e+03
7.974565917968750000e+03
8.083604492187500000e+03
8.193895507812500000e+03
8.305449218750000000e+03
8.418279296875000000e+03
8.532398437500000000e+03
8.647819335937500000e+03
8.764554687500000000e+03
8.882617187500000000e+03
9.002022460937500000e+03
9.122782226562500000e+03
9.244911132812500000e+03
9.368424804687500000e+03
9.493336914062500000e+03
9.619663085937500000e+03
9.747418945312500000e+03
9.876619140625000000e+03
1.000728027343750000e+04
1.013941894531250000e+04
1.027305175781250000e+04
1.040819531250000000e+04
1.054486621093750000e+04
1.068308300781250000e+04
1.082286425781250000e+04
1.096422656250000000e+04
1.110719042968750000e+04
1.125177343750000000e+04
1.139799511718750000e+04
1.154587500000000000e+04
1.169543261718750000e+04
1.184668750000000000e+04
1.199966113281250000e+04
1.215437207031250000e+04
1.231084082031250000e+04
1.246908886718750000e+04
1.262913769531250000e+04
1.279100683593750000e+04
1.295471777343750000e+04
1.312028808593750000e+04
1.328774218750000000e+04
1.345709863281250000e+04
1.362837792968750000e+04
1.380159667968750000e+04
1.397678125000000000e+04
1.415394335937500000e+04
1.433310156250000000e+04
1.451427246093750000e+04
1.469747949218750000e+04
1.488273046875000000e+04
1.507004003906250000e+04
1.525942089843750000e+04
1.545089062500000000e+04
1.564445507812500000e+04
1.584011621093750000e+04
1.603788378906250000e+04
1.623776757812500000e+04
1.643975781250000000e+04
1.664386132812500000e+04
1.685006640625000000e+04
1.705837109375000000e+04
1.726875781250000000e+04
1.748121875000000000e+04
1.769572460937500000e+04
1.791226171875000000e+04
1.813079296875000000e+04
1.835129101562500000e+04
1.857370898437500000e+04
1.879801171875000000e+04
1.902413671875000000e+04
1.925203710937500000e+04
1.948163671875000000e+04
1.971286718750000000e+04
1.994565429687500000e+04
2.017990039062500000e+04
2.041551367187500000e+04
2.065238281250000000e+04
2.089039648437500000e+04
2.112942187500000000e+04
2.136932812500000000e+04
2.160996093750000000e+04
2.185116406250000000e+04
2.209276171875000000e+04
2.233457421875000000e+04
2.257639648437500000e+04
2.281802734375000000e+04
2.305922851562500000e+04
2.329977148437500000e+04
2.353939257812500000e+04
2.377782421875000000e+04
2.401478710937500000e+04
2.424997265625000000e+04
2.448305859375000000e+04
2.471371093750000000e+04
2.494157812500000000e+04
2.516628710937500000e+04
2.538744531250000000e+04
2.560464062500000000e+04
2.581745507812500000e+04
2.602543554687500000e+04
2.622810937500000000e+04
2.642499609375000000e+04
2.661559570312500000e+04
2.679937500000000000e+04
2.697578515625000000e+04
2.714426953125000000e+04
2.730424414062500000e+04
2.745510351562500000e+04
2.759622656250000000e+04
2.772698242187500000e+04
2.784672070312500000e+04
2.795477539062500000e+04
2.805046875000000000e+04
2.813311328125000000e+04
2.820201953125000000e+04
2.825649218750000000e+04
2.829583203125000000e+04
2.831935156250000000e+04
2.832636914062500000e+04
2.831622460937500000e+04
2.828827539062500000e+04
2.824190429687500000e+04
2.817653906250000000e+04
2.809164257812500000e+04
2.798673828125000000e+04
2.786140820312500000e+04
2.771529882812500000e+04
2.754813671875000000e+04
2.735973632812500000e+04
2.715000781250000000e+04
2.691895312500000000e+04
2.666667968750000000e+04
2.639340625000000000e+04
2.609947070312500000e+04
2.578531640625000000e+04
2.545148437500000000e+04
2.509865234375000000e+04
2.472759375000000000e+04
2.433917773437500000e+04
2.393435937500000000e+04
2.351418945312500000e+04
2.307979687500000000e+04
2.263235742187500000e+04
2.217310546875000000e+04
2.170330859375000000e+04
2.122427148437500000e+04
2.073732031250000000e+04
2.024376562500000000e+04
1.974491015625000000e+04
1.924205468750000000e+04
1.873647460937500000e+04
1.822939257812500000e+04
1.772198046875000000e+04
1.721538671875000000e+04
1.671070117187500000e+04
1.620893359375000000e+04
1.571103125000000000e+04
1.521789648437500000e+04
1.473036132812500000e+04
1.424917382812500000e+04
1.377501367187500000e+04
1.330850976562500000e+04
1.285022851562500000e+04
1.240065039062500000e+04
1.196019726562500000e+04
1.152924609375000000e+04
1.110812011718750000e+04
1.069706835937500000e+04
1.029629101562500000e+04
9.905956054687500000e+03
9.526186523437500000e+03
9.157047851562500000e+03
8.798571289062500000e+03
8.450769531250000000e+03
8.113596679687500000e+03
7.787007324218750000e+03
7.470901367187500000e+03
7.165179687500000000e+03
6.869697753906250000e+03
6.584317871093750000e+03
6.308861328125000000e+03
6.043157226562500000e+03
5.787001953125000000e+03
5.540200683593750000e+03
5.302536621093750000e+03
5.073783691406250000e+03
4.853722656250000000e+03
4.642125976562500000e+03
4.438757324218750000e+03
4.243377441406250000e+03
4.055754150390625000e+03
3.875654541015625000e+03
3.702839843750000000e+03
3.537072021484375000e+03
3.378123046875000000e+03
3.225766601562500000e+03
3.079773193359375000e+03
2.939917480468750000e+03
2.805986328125000000e+03
2.677760009765625000e+03
2.555034179687500000e+03
2.437598388671875000e+03
2.325257568359375000e+03
2.217812255859375000e+03
2.115076660156250000e+03
2.016862426757812500e+03
1.922994140625000000e+03
1.833294433593750000e+03
1.747598022460937500e+03
1.665740356445312500e+03
1.587560424804687500e+03
1.512911987304687500e+03
1.441644531250000000e+03
1.373615844726562500e+03
1.308686157226562500e+03
1.246728515625000000e+03
1.187612670898437500e+03
1.131216308593750000e+03
1.077419189453125000e+03
1.026112060546875000e+03
9.771835327148437500e+02
9.305289306640625000e+02
8.860475463867187500e+02
8.436410522460937500e+02
8.032200927734375000e+02
7.646940307617187500e+02
7.279775390625000000e+02
6.929874877929687500e+02
6.596483154296875000e+02
6.278836059570312500e+02
5.976213989257812500e+02
5.687918701171875000e+02
5.413314819335937500e+02
5.151759643554687500e+02
4.902651977539062500e+02
4.665405578613281250e+02
4.439488525390625000e+02
4.224364624023437500e+02
4.019530944824218750e+02
3.824498291015625000e+02
3.638823547363281250e+02
3.462059936523437500e+02
3.293788452148437500e+02
3.133602600097656250e+02
2.981133728027343750e+02
2.836010742187500000e+02
2.697885437011718750e+02
2.566421508789062500e+02
2.441312866210937500e+02
2.322251586914062500e+02
2.208950195312500000e+02
2.101129608154296875e+02
1.998536529541015625e+02
1.900916900634765625e+02
