79.78164196
55.77044058
55.64260435
92.05504131
95.99763179
85.68337941
79.63585806
95.73676038
126.55852270
105.42330837
120.29291701
145.68175554
181.13894939
278.21797132
559.20084691
886.02216601
671.32383728
640.80686045
293.48947406
351.36953163
375.87309313
364.56893206
458.58831859
391.92975450
360.68199515
394.67613125
398.40011096
415.06578946
638.14688039
448.33072281
514.53969693
643.51726604
530.21335578
444.07250738
795.07592797
435.26577401
572.86283112
761.03448081
861.48611474
494.79126287
842.46688533
680.54174519
393.58241105
1285.68782544
792.97442675
1004.54952502
1365.11873627
916.85074472
1420.99668765
1956.10923815
