69.58886695
65.79872441
109.22996092
118.05939436
115.13329220
179.98638177
150.27153111
159.13316798
328.43056488
239.24404311
323.78273606
334.20685482
288.28170204
234.56780100
291.67393732
649.24831367
511.68141985
275.59791422
647.49279237
682.25866771
494.30742550
478.01723695
737.58700466
608.24537683
1114.85758853
457.53022194
541.14530826
546.00638795
679.28128004
997.74025273
996.93342495
1629.55765986
1073.93378568
1725.77779460
886.03284693
1477.98794031
2058.99829507
3491.85096622
2030.06283808
829.64608264
965.51215863
768.22725797
805.71228981
729.42442060
612.05138850
641.76374865
819.59586000
337.61518073
1403.21858287
1170.93626165
