170.70401239
87.50092292
251.88036776
457.43816757
416.85356712
111.40879750
317.13200331
193.82630968
95.04882598
166.80801487
304.29976416
640.60884309
843.27712321
710.42209005
286.76340127
1773.96118784
1214.15331173
321.84231210
743.62642241
766.52612686
426.13634872
843.78124046
212.93257761
575.35446477
640.52409434
661.30776525
536.51337194
543.81415009
530.53459382
719.71859884
796.90595603
633.31316638
1095.33102727
1853.88709688
817.01667976
918.79360127
1018.06383991
627.40884447
1159.74479342
636.86271572
2776.50316548
901.33578563
511.60019135
897.98649979
436.22242260
460.22284269
479.38490319
520.83220983
800.95551372
806.09996533
