114.65482521
95.00814962
49.81330132
85.19806695
98.38160849
92.62303877
91.95086074
90.53710723
130.86515188
177.79538441
343.62902379
276.18942356
330.64241052
258.53867126
229.94652390
339.97187757
312.21137023
319.30360150
398.94529819
366.74565244
343.01006818
326.79228282
403.96031308
379.58368278
341.53411651
357.53706861
409.91949368
499.48803067
470.78470302
651.56774926
734.65834689
510.51598811
676.27524590
631.21151686
666.09069681
598.45736289
1093.58726692
735.46567440
927.12301612
1146.95776558
995.66808319
1514.17008090
1273.20931768
1202.65274000
1060.77297401
1410.41703010
992.53501391
851.84647155
1020.73081350
1148.04260325
