66.88204670
96.21061325
120.17743063
125.48704791
506.17891884
198.08293605
209.36986303
238.64589286
347.10572219
526.99805760
346.73661304
143.66526937
134.61532307
224.29193687
285.25642872
317.68532777
294.05043554
301.96614456
361.88081408
530.44641685
603.06479788
576.97314548
509.96951413
403.08031821
3246.14887357
699.39206409
1006.92060685
559.85498738
550.93610716
874.68898392
917.87096667
432.67098880
388.18944979
653.94043517
1128.04392672
572.07416701
462.50352049
492.26793742
1375.68376184
960.05761933
1012.79027343
2247.83323526
607.70760369
533.71909785
1263.06285334
664.73817301
700.13375616
478.33684111
581.03022909
1114.84267116
