-315.11169744
-314.64529989
-315.15231665
-315.10389895
-315.13322922
-224.24115178
-315.14360488
-315.08857999
-315.15191823
-315.06317734
-94468.33840934
-5622.56388821
-901.54859169
-214.24077747
-152.89342856
-181.35217405
-158.71673322
-145.60783799
-156.83948300
-144.04531923
-250.56591102
-153.10083623
-134.25702598
-117.60526565
-111.45451312
-227.60619239
-212.22237607
-112.50309766
-92.68550794
-90.81863301
-90.32514979
-84.34002504
-68.44638020
-74.95287552
-65.63758901
-63.83890723
-61.05013689
-61.06289847
-59.14976092
-76.18378626
-58.33114349
-314.01407952
-55.41061874
-58.03121629
-292.88229159
-62.33027156
-57.84901009
-54.25991980
-54.02725933
-52.77216900
-52.29876722
-52.11397537
-51.66330094
-51.14161938
-52.09356212
-55.51622429
-51.96759378
-51.04266712
-52.92673261
-50.60941474
-51.19637812
