-122.82268530
-315.15921143
-315.04272298
-313.47987982
-315.06281201
-315.15811153
-315.13502782
-315.06848757
-315.13707804
-315.06776066
-315.10994420
-94.60753663
-79.28237516
-72.39074800
-73.07286550
-79.23053187
-73.64775137
-73.24779709
-108.29750398
-75.72218416
-73.82879476
-156.44049771
-115.72371656
-72.71461803
-135.68201069
-73.53127558
-69.70407080
-69.48474640
-67.59347750
-107.40715594
-66.79164995
-67.67025009
-77.58260334
-67.03724427
-66.89699255
-67.11785215
-67.88111652
-67.91552927
-66.66560670
-66.51962042
-68.21718674
-86.51541236
-72.58984039
-67.05173365
-69.12914324
-67.85561187
-66.42376304
-66.04217213
-147.30094008
-61.86292587
-59.13672133
-62.91304622
-53.61364144
-51.44220258
-62.96854768
-61.35184911
-48.82294704
-51.08137674
-48.09196204
-89.68678922
-49.76639973
