45.12915540
39.37303972
42.74974060
41.71359682
45.18077493
89.95435500
42.27054501
42.55309796
65.59440255
42.27545595
45.33308220
61.72515821
74.16831732
95.33848476
79.58975816
53.03237486
67.00594854
56.41213131
70.52827621
116.27788258
175.86215663
94.73868608
130.84209108
109.64714932
104.17012644
138.78982377
124.73557305
161.37650609
95.01571298
148.72971463
118.70139551
108.39651632
133.43880916
112.14273477
152.82827711
142.80372882
79.19388413
84.71615362
141.80889320
191.92583418
2209.67359114
129.74708343
225.07458496
739.40759706
171.17853308
234.23212695
451.76652026
388.99648881
417.58858013
459.37909055
