95.43437147
153.78026533
126.96971536
69.03152704
75.94258761
49.83632135
73.54117680
57.65180898
58.43073368
216.39683914
50.76207280
57.31779885
61.83149910
62.33406878
153.03373837
168.15399337
189.61682057
399.69184327
194.33500648
282.59630418
258.24902225
228.33930922
97.74299121
149.08009028
408.62151217
271.22790742
314.59694338
169.25634003
180.11038303
263.90832591
459.55906153
218.55481553
92.13564777
124.45987844
134.24145222
391.69514298
126.48853850
264.64473367
218.49413848
278.92529368
343.74717617
470.57099247
397.12323594
412.61527109
335.37410259
242.47822738
246.04639411
182.88518786
119.14967275
367.37191772
