33.20984650
49.08279753
31.46349120
28.13331485
39.90155053
30.22622013
2744.16822982
22.80874968
24.89201188
27.67479706
27.26358795
23.48159957
24.00305772
30.26625180
36.57620430
46.43630099
38.10897374
36.12944961
45.40133810
47.17210460
52.67755485
44.78637958
96.10766482
78.21976542
69.62032151
105.65022087
161.73839879
139.16020632
114.19770312
99.36173892
147.15737057
184.54483247
203.18575048
173.21104550
162.52742195
188.83555698
88.55660558
91.25936699
87.01222324
71.51514935
109.82562661
136.04085565
86.71461535
107.75223780
89.95020413
93.71611357
73.93534207
77.95481133
69.63105702
88.33967519
