97.41419959
78.19125009
76.10084939
97.45578790
139.81967163
103.64145923
91.09934831
146.07563925
147.45610595
134.92675900
109.53783274
159.29750633
90.66182470
143.25610733
129.39513350
114.31100416
39.37586164
44.16468263
36.73450327
38.42410803
53.23863029
45.64172101
49.43299508
55.97995639
51.56004047
43.32200956
55.79402995
42.30125809
48.26408148
52.31146407
51.56568074
72.02890801
57.37154651
51.73062015
64.54105973
52.59750938
44.03237438
44.91401362
52.02172995
44.97316885
55.11782336
51.66535068
55.68090272
56.53620863
45.87958503
56.73997426
56.03400874
63.46676898
48.51674533
65.12674975
