121.79240155
167.26756525
104.63349652
144.02556181
214.11496425
167.23928952
132.30590868
161.24552512
117.31611514
75.71508908
56.65897846
52.43942118
76.41382527
63.43476295
58.99376345
67.62268972
78.88460612
67.52594852
55.11215568
62.94911790
59.28311133
82.61579895
73.11641836
65.07015753
89.47322178
69.58961535
70.57777452
71.30901647
136.65450191
115.68555737
103.45999098
104.43644118
105.64467263
141.17302203
138.49073768
227.80468798
125.89591622
108.79358220
122.92208910
39883.87866616
67.89705491
106.38291478
188.42659521
381.62098122
198.31469035
144.25629616
274.66054511
283.52835941
163.81615591
459.59737444
