0.97468947 0.26898846 0.61361181 0.91703990 5.21169655 13.96486842
0.38481461 0.72054946 0.41243305 0.42283364 6.43990152 9.68491254
0.07826584 0.08558852 0.89571270 0.58658505 6.87933381 11.60839082
0.55882553 0.91114243 0.06954873 0.06578846 5.95955077 12.36532187
0.69264844 0.22701240 0.30490114 0.22293242 5.64866510 13.09361692
0.16539591 0.77619913 0.72873877 0.74975456 7.15422333 10.53778863
0.36275374 0.41858200 0.21226145 0.27336556 6.17513101 11.31278517
0.78069161 0.59182268 0.76108334 0.76182141 5.51246319 12.64255210
0.83770061 0.03004048 0.17386798 0.66949964 6.70691723 11.95873126
0.30257454 0.98085379 0.84378070 0.17812581 5.05709199 11.70549069
0.23436793 0.33798165 0.33145672 0.84199550 6.03653853 10.14178148
0.55950066 0.91464573 0.06695101 0.06358563 5.96061885 13.04720656
0.55898499 0.91447817 0.06728592 0.06399612 5.96243711 13.24876924
0.54305671 0.86170618 0.11096809 0.09618164 5.96334923 13.30276164
0.55550770 0.89839025 0.07634760 0.07071353 5.96249467 13.29290828
0.55676605 0.90675869 0.07170103 0.06783312 5.96356687 13.25722586
0.57034798 0.90469941 0.06102717 0.04785885 5.93089579 13.27108981
0.56898821 0.91846179 0.07604683 0.05861594 5.93472960 13.26187105
0.55778018 0.89473854 0.05048612 0.05552628 5.96710753 13.25298551
0.57329134 0.92823893 0.04492230 0.06480959 5.90928863 13.27352678
0.57065196 0.91210937 0.06013257 0.07563967 5.90043630 13.26499842
0.56147192 0.91488337 0.04973749 0.08152153 5.87446795 13.24510956
0.53909766 0.93740809 0.06828764 0.04358642 5.85034823 13.29362093
0.53827877 0.87764327 0.04799219 0.06318911 5.85433576 13.19705424
0.49682577 0.77359274 0.00000000 0.06044317 5.84015653 13.16746455
0.42117277 0.54086118 0.00000000 0.02683857 5.75799009 13.18685508
0.53203210 0.89016686 0.06850261 0.06344890 5.86089327 13.15628089
0.53258259 0.88394214 0.06180311 0.05316518 5.83897611 13.13027600
0.49263906 0.89731961 0.06673337 0.15275619 5.85395086 13.17368213
0.65607317 0.98973146 0.07812462 0.04207405 6.01056144 13.49561958
0.52350062 0.87612632 0.06787053 0.10337702 5.87619641 13.11413143
0.52790838 0.86936364 0.05214191 0.08718306 5.85621513 13.07739884
0.59603533 0.90134618 0.01776542 0.06240138 5.84505682 13.18238051
0.70537105 1.00000000 0.00000000 0.00000000 6.32394555 13.54174552
0.54804714 0.88154889 0.03436086 0.08988770 5.73170632 13.09944665
0.52787858 0.88760339 0.05142662 0.08623611 5.64046300 13.11448653
0.53009252 0.88504434 0.05458892 0.08949668 5.65914511 13.09041310
0.50344157 0.88830537 0.07458040 0.09909508 5.57451024 13.08961908
0.50156461 0.88896440 0.08418199 0.10386992 5.57137386 13.08523141
0.48493160 0.89347642 0.09443718 0.10906432 5.53601638 13.08582377
0.47510518 0.89547484 0.10877401 0.10956178 5.47409466 13.08639426
0.46628114 0.89915626 0.12204445 0.11263702 5.44512632 13.08189073
0.41147026 0.92582010 0.19680900 0.11704073 5.20069261 13.15255071
0.39748882 0.94506443 0.21375212 0.11995736 5.16535774 13.11416560
0.39287327 0.94759739 0.22789829 0.11864778 5.14072598 13.10121839
0.35259660 0.96946965 0.29894526 0.12106097 4.99043259 13.15233380
0.30493592 0.98927377 0.31325069 0.13109474 4.99043259 13.15709209
0.32916822 0.97278374 0.31916434 0.12639164 4.99043259 13.12991786
0.26890635 0.98226914 0.39134287 0.13627084 4.99043259 13.17011906
0.21383503 0.98048365 0.42663302 0.14862591 4.99043259 13.17181114
0.22368091 0.98088585 0.42202490 0.14686200 4.99043259 13.14484543
0.24015760 0.97775846 0.40342218 0.14358091 4.99043259 13.13048766
0.19565616 0.97869369 0.45867107 0.15517782 4.99043259 13.15748478
0.12724342 0.97543856 0.51338188 0.18156872 4.99043259 13.18354419
0.05693552 0.96332720 0.57397157 0.21960962 4.99043259 13.17110139
0.00000000 0.96071621 0.63730497 0.27877761 4.99043259 13.14626925
0.00000000 1.00000000 0.63470087 0.35915266 4.99043259 13.15006672
0.01384104 0.98602049 0.68888974 0.32937902 4.99043259 13.15508880
0.00950360 0.99822142 0.66915840 0.35698538 4.99043259 13.17288525
0.08809120 0.46117019 0.00000000 0.05758303 4.99043259 13.09626337
0.04147208 0.96567920 0.59791915 0.29773754 4.99132472 13.15007966
