0.68528174 0.97370424 0.33623402 0.34156242 7.22777172 11.59616050
0.34016142 0.25463350 0.68498619 0.55901890 5.18659499 14.10403685
0.09165675 0.74537960 0.13088309 0.04811304 5.89198657 12.09341254
0.93378636 0.02627883 0.84682668 0.82901553 6.22528035 10.16118136
0.78321420 0.52072981 0.60185772 0.93721523 6.58816742 10.90220980
0.19132945 0.23885415 0.38811439 0.21689082 5.82534775 13.57177482
0.43983407 0.76115516 0.92776074 0.70625056 5.39657491 12.71314687
0.53470954 0.47924943 0.08120094 0.42443325 6.72040262 10.61922480
0.56860908 0.62757448 0.99051626 0.14766833 5.00586960 9.61232921
0.41372794 0.09673688 0.01895658 0.99082814 7.12010415 12.28077320
0.16223262 0.90327670 0.53907168 0.49579000 6.40433275 13.71520556
0.08492806 0.75416774 0.12621370 0.04275075 5.89011464 11.37650760
0.08599882 0.75310739 0.12685058 0.04373384 5.89113226 11.11136198
0.12188619 0.71131844 0.15315578 0.08272879 5.91126358 11.03134512
0.11630832 0.70778960 0.14966422 0.07767090 5.90662491 11.40570539
0.11500766 0.70752093 0.14872931 0.07646962 5.90541163 11.47137719
0.11533846 0.70807859 0.14889537 0.07725309 5.90465562 11.49967007
0.11948460 0.71676518 0.15032548 0.08609542 5.89904848 11.53858781
0.11400719 0.70241648 0.14929268 0.06983070 5.90672367 11.50288738
0.11987236 0.68614969 0.16054346 0.03643877 5.90724380 11.55809089
0.13454083 0.69169225 0.18004390 0.00000000 5.89899004 11.71118144
0.14583319 0.71577009 0.19361472 0.00000000 5.89114260 11.89688290
0.14843858 0.73164484 0.20053247 0.00000000 5.88984885 11.96418069
0.15605319 0.91351925 0.53628998 0.48895565 6.40924053 13.67396148
0.14309750 0.93577258 0.52915718 0.47042752 6.41785646 13.46635442
0.14833141 0.93119014 0.52666440 0.46259058 6.40826018 13.43421986
0.15235778 0.93347584 0.51863480 0.43752045 6.39385173 13.43498400
0.13198553 0.69222056 0.20410533 0.00000000 5.92055078 11.97399366
0.14404316 0.91779835 0.51631206 0.42376320 6.37006377 13.40810753
0.12502037 0.90350007 0.51804665 0.41803930 6.35138340 13.36009794
0.09006045 0.87834221 0.52985723 0.42396708 6.33286139 13.30795328
0.04825519 0.85310132 0.54884808 0.43119081 6.32034737 13.25413643
0.11627580 0.90886240 0.54037309 0.40181390 6.35596412 13.29932687
0.09253973 0.87993046 0.51560095 0.40845016 6.32988523 13.21441094
0.09927689 0.93121234 0.56834742 0.42396532 6.38043788 13.36299814
0.10902497 0.87737770 0.50556948 0.48467305 6.37600575 13.28356586
0.11701759 0.91045300 0.52740493 0.43856951 6.31739888 13.34832782
0.11317452 0.91547600 0.53763434 0.45268264 6.23976131 13.34720876
0.11413541 0.92734362 0.54516111 0.46390009 6.13804738 13.35699765
0.11381745 0.93531310 0.54783820 0.46801090 6.04576315 13.35051505
0.11155515 0.94120168 0.55077631 0.46843804 5.91293970 13.33323055
0.10727706 0.94617369 0.55425069 0.46390756 5.71014132 13.30678260
0.10459898 0.95683274 0.55321923 0.45828616 5.57709562 13.26863839
0.10442062 0.96060128 0.55748553 0.44798789 5.38186503 13.24007192
0.10203833 0.97315556 0.55810235 0.43938283 5.18740905 13.22503613
0.10462796 0.98988721 0.56246147 0.42985104 4.99043259 13.19576475
0.07687832 1.00000000 0.57901258 0.42020575 4.99043259 13.15402680
0.10213360 1.00000000 0.57860951 0.42474386 4.99043259 13.20655158
0.07944607 1.00000000 0.60626378 0.41282831 4.99043259 13.21845281
0.12373582 1.00000000 0.54797531 0.43305291 4.99043259 13.19841254
0.17356987 1.00000000 0.50756662 0.44536967 4.99043259 13.23191285
0.03205910 1.00000000 0.64675648 0.37191530 4.99043259 13.23794387
0.20989979 1.00000000 0.46261758 0.44153476 4.99043259 13.22950936
0.26528872 1.00000000 0.41481775 0.43277735 4.99043259 13.23202305
0.01598451 1.00000000 0.64446707 0.31282142 4.99043259 13.20283401
0.01797402 1.00000000 0.66678208 0.27799758 4.99043259 13.21316603
0.05978289 1.00000000 0.60170368 0.25504824 4.99043259 13.17672260
0.32503908 1.00000000 0.35180621 0.43015146 4.99043259 13.23470487
0.00000000 1.00000000 0.67519068 0.35877222 4.99043259 13.21325984
0.00000000 1.00000000 0.67365595 0.37170170 4.99043259 13.20331529
0.00000000 1.00000000 0.67749477 0.25131197 4.99043259 13.21221013
