0.69394713 0.38796806 0.53962141 0.07341940 6.73245012 9.86857672
0.49535662 0.58663532 0.20702743 0.76300915 5.40929854 13.77898970
0.17480244 0.14233367 0.75938337 0.33307530 5.62270035 12.42788062
0.88999841 0.81670560 0.48727309 0.51897242 6.51468371 11.80509684
0.83727190 0.00794754 0.03056494 0.73406349 6.26527457 10.36783427
0.09860649 0.96662505 0.72277865 0.41584167 5.87641948 13.28872333
0.29416162 0.27037030 0.31081061 0.98590689 5.08356817 12.91816440
0.51622158 0.68863824 0.94254062 0.17961744 7.05375959 11.30582183
0.57501887 0.24952865 0.34756664 0.47383501 5.52310505 11.60720116
0.36079945 0.79146532 0.89894484 0.65945888 6.89741701 12.05023589
0.05537708 0.47215612 0.06531444 0.24515828 6.68920287 14.15666943
0.00969245 0.47281946 0.01561284 0.21820005 6.76009785 11.95376320
0.00000000 0.47625827 0.00000000 0.19073927 6.83039766 10.78873638
0.00000000 0.47288540 0.00000000 0.20657105 6.78739403 10.11156388
0.00000000 0.48231793 0.00000000 0.21197969 6.77397077 9.69075342
0.00000000 0.54957453 0.00000000 0.08042228 7.06448084 9.88663051
0.00000000 0.42505067 0.00000000 0.31194176 6.69775023 9.90014655
0.00000000 0.34611379 0.00000000 0.25742260 6.46663714 9.92289360
0.01238464 0.56210190 0.00000000 0.50755959 6.61235441 9.94879418
0.00000000 0.30653800 0.00000000 0.35514293 7.11796409 9.82004477
0.04603573 0.53031325 0.13702904 0.24463625 6.30492629 10.00706639
0.01089526 0.37114046 0.02572559 0.24912957 6.48397330 9.73276588
0.00295881 0.35770083 0.00780955 0.25630076 6.54197843 9.73777755
0.01034509 0.39551508 0.03792110 0.22787942 6.37834654 10.20577184
0.00386854 0.39342285 0.03308250 0.21345108 6.34984705 10.36359766
0.00000000 0.35979391 0.00000000 0.15672221 6.20184510 10.29603801
0.00000000 0.39638751 0.00000000 0.00000000 5.68678440 10.26388025
0.06282574 0.46271053 0.01355479 0.00000000 5.15868027 10.31094140
0.04941618 0.46513292 0.00429028 0.00000000 5.15861817 10.56915537
0.03047658 0.50793204 0.03677216 0.00000000 5.01048163 10.65734953
0.13253893 0.45786239 0.00000000 0.00000000 5.15840306 10.86927942
0.15105628 0.46387791 0.01608961 0.00051145 5.18358756 11.26981221
0.12163231 0.47221258 0.00000000 0.00706781 5.15624982 11.16495483
0.11958084 0.51392142 0.00586867 0.06711034 5.18910654 11.24095386
0.13251975 0.49302976 0.00395340 0.05354409 5.22666276 11.27242316
0.15680035 0.51535651 0.03001396 0.14176576 5.43468260 11.67465226
0.15696157 0.52038766 0.05372783 0.20973347 5.63921518 11.78006226
0.13588717 0.51033988 0.06616708 0.18516044 5.70393329 11.70482156
0.18212318 0.52426114 0.02829671 0.20426847 5.49950855 11.68316271
0.17458890 0.49169407 0.03508649 0.36809551 5.65517626 11.81105570
0.20445252 0.56639775 0.06400587 0.20352910 5.68416590 11.93034434
0.23929977 0.23003400 0.08119900 0.66634739 5.75070062 12.10207828
0.22690765 0.60396816 0.08550655 0.22800208 5.84481395 12.23439794
0.24533887 0.62853954 0.10723919 0.24109758 5.97780095 12.45538900
0.16041842 0.35216120 0.02465428 0.60649327 5.81022836 12.33803854
0.26849931 0.64801602 0.10865822 0.18904901 5.79912440 12.39951148
0.24217152 0.66151458 0.15043269 0.19842406 6.17239621 12.50562616
0.23938436 0.65821592 0.11744571 0.28990443 5.86505261 12.41858545
0.23546946 0.67670465 0.13930973 0.33493504 5.85537770 12.49623359
0.23192896 0.67835874 0.14845376 0.34069103 5.84330638 12.50244339
0.23997161 0.72977507 0.19785857 0.35257072 5.91652156 12.72731767
0.25018260 0.75005215 0.22063692 0.36240284 5.95311360 12.82188922
0.21969187 0.73661395 0.22457742 0.33537558 5.90583510 12.72053177
0.21593073 0.73596122 0.23267587 0.32309669 5.86258882 12.72508564
0.21189642 0.79205321 0.29907639 0.33428028 6.07511363 12.93823332
0.22847298 0.80105178 0.31193757 0.32401933 6.12805102 13.05564586
0.19901766 0.75007179 0.26130428 0.37448627 5.96222106 12.77043344
0.21273153 0.76732967 0.27051177 0.36087625 5.82549381 12.79835486
0.17992061 0.74898371 0.28535685 0.37784467 6.06615735 12.80891728
0.21847958 0.76344931 0.25729298 0.33467378 5.78024398 12.76292176
0.23468487 0.79072823 0.27077797 0.36524595 5.73242903 12.82677282
