0.52151426 0.30957651 0.98904956 0.02191456 5.28077671 11.20919182
0.27909026 0.87310114 0.24196697 0.99559896 6.83823555 13.90884261
0.03647774 0.16362261 0.55064570 0.47219006 6.65893785 12.35090792
0.79548811 0.72315679 0.29768061 0.51420314 5.75240133 10.44767208
0.93746142 0.03333548 0.06581065 0.70417391 5.95004941 11.73948094
0.17600966 0.59489887 0.81291397 0.30870236 6.20944013 13.07379880
0.38736097 0.43035789 0.37935929 0.78604116 7.18029092 12.90031467
0.63222637 0.99572809 0.63229981 0.19717966 5.26252672 9.62724872
0.69830995 0.21591383 0.49094575 0.36989636 6.93015251 10.68002599
0.43835354 0.65438501 0.73994880 0.64822607 5.51773109 12.08250506
0.24247924 0.31990643 0.04852064 0.13984327 5.69590897 14.14344481
0.27556160 0.88469299 0.23595411 1.00000000 6.84305173 12.99083256
0.28080699 0.78311948 0.24548284 0.99579128 6.85435986 12.56570926
0.27925025 0.75836802 0.24378994 0.99975997 6.85394316 12.79611380
0.27804370 0.73114534 0.24255548 1.00000000 6.85257483 13.11655089
0.27455424 0.74949501 0.23749983 1.00000000 6.84707566 13.13307733
0.25992371 0.74707740 0.22044595 1.00000000 6.82450074 13.10633142
0.29510738 0.77899886 0.27346521 1.00000000 6.92492514 13.20180512
0.23926412 0.59331863 0.18542701 1.00000000 6.76075964 13.24529879
0.28056268 0.76721304 0.25757272 1.00000000 6.85625777 13.13775485
0.27802334 0.76530628 0.24985843 1.00000000 6.86235303 13.11679557
0.30123533 0.76959552 0.24784001 1.00000000 6.80309359 13.14518874
0.28889903 0.76849925 0.24212140 1.00000000 6.81548896 13.12248346
0.30156415 0.77498579 0.23288445 1.00000000 6.80293996 13.13082232
0.28794468 0.79464655 0.27251532 1.00000000 6.72438038 13.21291979
0.27248267 0.79409060 0.27146575 1.00000000 6.68949627 13.16872116
0.25475654 0.79250133 0.28334706 1.00000000 6.67725803 13.16057830
0.28348979 0.79624766 0.24894115 1.00000000 6.59191879 13.15770992
0.28115271 0.78948330 0.25356684 1.00000000 6.62807271 13.12822832
0.28229860 0.78725483 0.24888368 1.00000000 6.61478182 13.11606173
0.28298812 0.78746257 0.25058368 1.00000000 6.60583349 13.11984046
0.25362398 0.78105354 0.26168692 1.00000000 6.57018989 13.09359790
0.34073022 0.88141473 0.33362458 1.00000000 6.70792484 13.50317128
0.27122916 0.80934326 0.27524640 1.00000000 6.46884833 13.15828677
0.27287414 0.85720131 0.30511788 1.00000000 6.35138967 13.24817964
0.27959521 0.85663494 0.31873052 1.00000000 6.33395652 13.23496391
0.27344591 0.89711147 0.36569186 1.00000000 6.19638049 13.31124335
0.26336892 0.90642592 0.36911898 1.00000000 6.15650584 13.30704615
0.23635496 0.95193365 0.44704498 1.00000000 6.07020928 13.38471746
0.22063443 0.98933749 0.49046267 1.00000000 6.08387657 13.44650093
0.22830493 1.00000000 0.51938732 1.00000000 6.15397954 13.50358768
0.20012609 0.97710883 0.48582653 1.00000000 6.11081233 13.42424423
0.24540601 0.99946608 0.47284036 1.00000000 5.96605693 13.44870598
0.26920674 1.00000000 0.45720034 1.00000000 5.85961844 13.43346056
0.25792661 1.00000000 0.44796257 1.00000000 5.80739137 13.41989553
0.26474260 1.00000000 0.45563458 1.00000000 5.63437795 13.40994458
0.24633831 1.00000000 0.44694019 1.00000000 5.66316490 13.38536085
0.25044975 1.00000000 0.45023471 1.00000000 5.64022157 13.37303143
0.23704860 1.00000000 0.46376105 1.00000000 5.52385659 13.35446495
0.19299217 1.00000000 0.50970914 1.00000000 5.38933445 13.34891820
0.15152421 1.00000000 0.52141735 1.00000000 5.29027418 13.31229637
0.15508526 0.99607373 0.53153544 1.00000000 5.28199130 13.26249007
0.11985108 1.00000000 0.56404293 1.00000000 5.23934775 13.26106620
0.10597764 1.00000000 0.57593681 1.00000000 5.25348622 13.25671574
0.06833399 1.00000000 0.65180104 1.00000000 5.22218752 13.28090191
0.07983480 1.00000000 0.57809585 1.00000000 5.23241579 13.25585964
0.06692621 1.00000000 0.59865211 1.00000000 5.25833171 13.25344773
0.12293103 1.00000000 0.55636983 1.00000000 5.25596251 13.24469325
0.08116385 1.00000000 0.59828552 1.00000000 5.24584992 13.25571550
0.08840384 1.00000000 0.58607950 1.00000000 5.28442492 13.25413491
0.12881647 1.00000000 0.55918639 1.00000000 4.99312931 13.25546323
