0.32173743 0.82116047 0.25161456 0.83395328 7.28612247 12.92035761
0.75129799 0.18169596 0.92336155 0.09191944 5.77094925 9.94006287
0.58831493 0.53816091 0.13988331 0.73574840 5.19835107 11.89273576
0.01787928 0.45875330 0.56164213 0.49487305 6.70730480 13.41417038
0.18473120 0.67419327 0.82965259 0.32699426 6.40956517 12.00466308
0.73930321 0.31304722 0.47040936 0.56738445 5.46023579 10.42511136
0.92010734 0.96637853 0.71781491 0.22879141 6.05070047 10.79265013
0.47467550 0.04615257 0.10855222 0.97033577 6.97027041 13.79578683
0.39878114 0.61432103 0.65477417 0.55626485 5.62266975 13.05865713
0.95359753 0.38256970 0.04528644 0.29911242 7.14650859 11.52864948
0.63598881 0.77623557 0.76650887 0.90333033 6.55929429 9.73744469
0.31621314 0.79200651 0.26501465 0.82268312 7.25337025 13.06325134
0.31760806 0.76777872 0.25973528 0.82988463 7.27465194 13.46051455
0.32283827 0.77125296 0.24170542 0.84470119 7.29301768 13.39592271
0.32905662 0.74883724 0.21591523 0.86552182 7.29301768 13.33592094
0.32075827 0.74878784 0.20099074 0.86261930 7.29301768 13.28776969
0.32689403 0.76343423 0.23225067 0.86398885 7.29301768 13.27651056
0.32261210 0.75806314 0.21568769 0.83621170 7.29301768 13.27192197
0.28212742 0.75743429 0.22939778 0.89967737 7.29301768 13.32165477
0.29510308 0.75822965 0.23855914 0.84522401 7.29301768 13.28245321
0.37204260 0.79916547 0.22919361 0.86509098 7.27517248 13.45375545
0.30547308 0.61890764 0.17060131 0.89221253 7.29301768 13.51041300
0.33785576 0.82166977 0.23184417 0.82129539 7.24160505 13.48857367
0.34152380 0.79017911 0.24448580 0.86153850 7.29151400 13.37014781
0.31883485 0.80318547 0.21885400 0.86819401 7.15635767 13.40155346
0.32490262 0.78097134 0.22793325 0.83076207 7.19251131 13.34809305
0.32658071 0.78393472 0.23792351 0.84549523 7.19931967 13.34004146
0.31580476 0.78932004 0.24383550 0.85864250 7.10108436 13.33615097
0.31118629 0.78787179 0.24638208 0.86788562 7.05895408 13.30482835
0.35452613 0.85382306 0.33777957 0.91401220 7.26233242 13.64537921
0.31502667 0.79984582 0.26221331 0.89354979 7.08442228 13.32836413
0.30944743 0.79756286 0.25611045 0.91099273 7.06294172 13.30251867
0.27870991 0.79928413 0.26980041 0.88607573 6.97451529 13.30755332
0.28921656 0.79202397 0.27063513 0.89863728 7.04454558 13.26812781
0.29518558 0.78926093 0.26278567 0.89565272 7.04566172 13.25927447
0.29537338 0.78870118 0.26113921 0.89644790 7.04580303 13.25605481
0.29289469 0.80042255 0.27750937 0.90078961 7.08646164 13.30157682
0.29740488 0.78100261 0.24420993 0.89032372 6.99510853 13.22995418
0.29916254 0.78313977 0.24833654 0.89196183 7.00395914 13.23200767
0.31130083 0.78856936 0.24296565 0.90211740 7.01241886 13.24175635
0.28467704 0.77859873 0.25193100 0.87467282 6.96845530 13.22132063
0.46354970 0.92831810 0.28673397 0.81283550 7.29301768 13.92073574
0.32609933 0.79528401 0.22057397 0.91723682 6.98216586 13.24133770
0.29355416 0.78116365 0.25062855 0.88844677 7.00318869 13.21719827
0.28765777 0.78141102 0.24645177 0.86704512 6.91963182 13.21670579
0.28675578 0.77768797 0.24741357 0.86977397 6.95400184 13.19382086
0.28838985 0.77788904 0.24894448 0.86840040 6.95288285 13.19378604
0.29010148 0.77877458 0.25050615 0.87084058 6.96546885 13.19557267
0.31819949 0.88658349 0.27177653 0.78348391 6.58517548 13.50832635
0.30646622 0.84339654 0.27424262 0.79738245 6.61656488 13.24483689
0.31100888 0.85570511 0.28164015 0.78129074 6.54722900 13.25234709
0.31151781 0.88899290 0.29544878 0.74185018 6.34585156 13.31668514
0.31098993 0.88894858 0.30679870 0.72393023 6.28636400 13.28046718
0.31691657 0.93240338 0.34958521 0.66659366 6.09828284 13.36777582
0.31678930 0.98969799 0.36768240 0.62446989 6.01526477 13.41074146
0.33755817 0.99374110 0.40392321 0.60643074 6.00258454 13.45289779
0.33082304 1.00000000 0.39068993 0.60901628 6.00864168 13.45513374
0.31474222 1.00000000 0.39630886 0.59007744 6.01504351 13.45263589
0.34870958 1.00000000 0.36723842 0.60118072 5.93749422 13.44699212
0.36640375 1.00000000 0.31032624 0.53915478 5.90816760 13.48471818
0.38599716 0.99872932 0.33900010 0.51209286 5.86237887 13.44376256
