0.44732758 0.66745819 0.79913705 0.94727844 0.99455662 0.96692613 5.79681447 9.59959094
0.84514649 0.06295685 0.22935753 0.23563840 0.21190004 0.10047795 7.89080616 13.76615784
0.55501345 0.80393491 0.69414772 0.73636990 0.27495359 0.36987317 6.54991063 10.87742259
0.14372008 0.46505493 0.27955200 0.44654312 0.55772472 0.68946211 8.93621836 8.97377538
0.01812849 0.90159482 0.04160829 0.35931663 0.70626770 0.76425733 6.97684563 12.19117687
0.68157358 0.35958204 0.98641618 0.58273638 0.48598684 0.17808215 9.08320698 7.70048985
0.96956267 0.50730590 0.46681617 0.08591119 0.04769785 0.41647559 5.35132509 9.99590773
0.32389503 0.23092211 0.50638305 0.85614563 0.76784865 0.51829053 7.75899681 13.30237612
0.30787642 0.86591457 0.39029208 0.53084794 0.18655651 0.65261138 7.26817944 11.73528535
0.89086101 0.40405138 0.58510187 0.28600674 0.90390761 0.28566163 9.37004127 8.10912720
0.69631474 0.72944191 0.12032669 0.78869321 0.59073175 0.05532745 5.08022321 10.45137907
0.09616306 0.00195020 0.90989166 0.02816528 0.37351071 0.87538746 7.45641217 12.89417163
0.22242564 0.56928938 0.64783907 0.18202759 0.39679886 0.57519035 6.07212352 9.13762250
0.57103596 0.16991475 0.32806146 0.87614862 0.67652582 0.48851347 8.18860363 14.16744669
0.76711565 0.96357472 0.84764596 0.37736834 0.86493712 0.22668208 6.25435181 11.33896462
0.43259014 0.29857920 0.18304833 0.68080405 0.08509560 0.82896820 8.65415339 8.57290010
0.40572554 0.97235942 0.61910354 0.10350607 0.50069019 0.44443281 8.11977640 11.48561983
0.31028523 0.86537647 0.39291037 0.53347540 0.18132597 0.65194438 7.26831212 11.73113149
0.31324745 0.86471495 0.39612476 0.53669552 0.17440854 0.65111896 7.26845830 11.72597656
0.31834989 0.86358286 0.40165238 0.54221896 0.16104505 0.64969083 7.26866096 11.71690603
0.32409807 0.86232397 0.40788085 0.54842923 0.14418180 0.64808635 7.26884250 11.70641462
0.33112371 0.86080648 0.41550290 0.55602151 0.12178989 0.64614342 7.26904479 11.69334356
0.33988510 0.85893878 0.42501976 0.56550021 0.09200531 0.64375200 7.26930469 11.67683234
0.35161432 0.85646136 0.43776824 0.57820775 0.05098723 0.64059045 7.26968557 11.65459049
0.36781407 0.85304995 0.45536520 0.59577560 0.00000000 0.63625867 7.27024088 11.62381077
0.38659950 0.84916194 0.47581431 0.61620864 0.00000000 0.63134361 7.27086506 11.58682206
0.36000421 0.85472673 0.44691223 0.58733504 0.00000000 0.63835788 7.26991685 11.63194769
0.32293913 0.86260429 0.41016085 0.54723933 0.00000000 0.64816413 7.26832889 11.65638922
0.27600360 0.87135793 0.37211846 0.49748562 0.00000000 0.65906276 7.26670844 11.68448477
0.22258321 0.87807215 0.34240411 0.44310240 0.00000000 0.66754754 7.26597742 11.72812341
0.16525345 0.87949266 0.33249686 0.38920378 0.00000000 0.66959756 7.26709270 11.79151428
0.09818611 0.87085373 0.36117608 0.33580566 0.00000000 0.65915704 7.27168547 11.88488919
0.03018730 0.85138362 0.43497530 0.29370104 0.00000000 0.63482912 7.27977462 11.98310400
0.00000000 0.82978507 0.51934730 0.25416620 0.00000000 0.60735227 7.28881409 12.06499930
0.00000000 0.84287324 0.47263325 0.29134276 0.00000000 0.62373886 7.28281847 12.01293861
0.00000000 0.84474818 0.48087876 0.34201750 0.00000000 0.62495786 7.28049607 11.99399866
0.00000000 0.84422486 0.48021524 0.31087952 0.00000000 0.62504036 7.28149365 12.00054467
0.00000000 0.85083480 0.48767848 0.31285039 0.00000000 0.63422122 7.27779224 11.95296279
0.00000000 0.83852832 0.48552929 0.31595521 0.00000000 0.61561158 7.28382089 12.04209652
0.01131113 0.83235266 0.48686861 0.32110729 0.00000000 0.59893411 7.28481924 12.11960068
0.02806068 0.82995005 0.48504251 0.33135086 0.00000000 0.57892402 7.28142277 12.20345026
0.04918370 0.83272365 0.48084148 0.34582320 0.00000000 0.55141897 7.27089555 12.29081799
0.06494537 0.83654269 0.47848368 0.35712418 0.00000000 0.52959169 7.26064952 12.33208816
0.06868020 0.83500899 0.47927880 0.35947876 0.00000000 0.53647873 7.26486993 12.35345143
0.08697306 0.83051119 0.48191792 0.36901524 0.00000000 0.56505887 7.28160888 12.41359816
0.06928523 0.83102661 0.48148030 0.35990277 0.00000000 0.54246440 7.26768109 12.38946754
0.05031478 0.80851651 0.49481205 0.34522331 0.01710926 0.47303786 7.21660605 12.53896146
0.05464649 0.81410313 0.48915583 0.35414872 0.00470760 0.53902691 7.25061272 12.40791872
0.03138544 0.81441252 0.48781333 0.34677810 0.02264923 0.55331221 7.25572453 12.42714162
0.08456944 0.81888037 0.48981986 0.37631314 0.00161263 0.48459988 7.21620993 12.35798102
0.06239478 0.81403496 0.49560441 0.35791148 0.00000000 0.52104642 7.24044592 12.41120193
0.06451455 0.82300118 0.52808715 0.35574513 0.00000000 0.50976363 7.23586147 12.41872098
0.05933431 0.81760927 0.50446980 0.35480139 0.00000000 0.50835577 7.24559522 12.41485395
0.06121686 0.81277898 0.50380994 0.35993134 0.00000000 0.51998365 7.21440462 12.42187911
0.05231083 0.85007131 0.50495544 0.35430577 0.00000000 0.57899250 7.11864352 12.40991996
0.05656057 0.83101708 0.50655179 0.36145193 0.00000000 0.54559300 7.16762629 12.41827608
0.05742438 0.83991664 0.50671575 0.36522666 0.00000000 0.54110063 7.16690357 12.42588535
0.06198895 0.90882590 0.50779086 0.38525312 0.01515488 0.52015670 7.13834174 12.46999438
0.06136783 0.85090880 0.50745372 0.37876742 0.00307624 0.53411988 7.15167185 12.45651377
0.06372896 0.82876838 0.51127765 0.39821093 0.02043205 0.53281939 7.08164807 12.49397708
0.06395488 0.83253520 0.51094415 0.39467714 0.01544604 0.53558932 7.09773085 12.48933240
0.06765855 0.82947069 0.51313385 0.39550394 0.01236194 0.54821253 7.09118090 12.49524787
0.09003521 0.80209893 0.52469335 0.41424789 0.00722298 0.59489544 7.00956998 12.53183780
0.11926151 0.76417798 0.53783028 0.43979572 0.00664099 0.63770113 6.89490128 12.56713731
0.13440835 0.73955517 0.54504377 0.45953854 0.00771160 0.66141838 6.82862498 12.58267565
0.16203876 0.69224216 0.55615239 0.48718710 0.01685458 0.69590643 6.69972913 12.62037926
0.16434699 0.68829876 0.55357996 0.49904158 0.01751214 0.69670288 6.73458823 12.60660665
