0.19427122 0.31715890 0.58061375 0.12296301 0.75504479 0.20657301 6.41106223 14.00389540
0.82476720 0.60764002 0.27206502 0.73565082 0.38193455 0.64726482 8.44651689 10.52566003
0.53204391 0.15362212 0.75353547 0.44997804 0.06372452 0.95625815 6.13537243 7.75937442
0.41669016 0.92939563 0.06986455 0.81287947 0.69086713 0.39696551 8.17911886 11.56159051
0.37026361 0.00011418 0.49662981 0.97011139 0.59954255 0.09359353 5.24614099 8.71770935
0.73562121 0.79187603 0.68027058 0.35717990 0.22643219 0.52599164 7.30773576 12.35802433
0.90341741 0.46249290 0.16954854 0.57840694 0.28273411 0.84315607 7.28258617 13.26143088
0.02292527 0.73771619 0.97806737 0.21575010 0.90987637 0.27557080 9.33560810 9.51336238
0.07282774 0.21390476 0.18807551 0.28530689 0.48282526 0.48768609 5.28539382 8.51439244
0.93842921 0.98628896 0.87940410 0.91456243 0.85581235 0.92788907 7.84182953 11.67051960
0.66862603 0.25245491 0.39210693 0.14554769 0.66602624 0.73810312 6.73935739 12.60199215
0.28788949 0.53955043 0.70855769 0.52507789 0.03925092 0.17832272 9.30549029 9.33773798
0.49155499 0.40607253 0.85799481 0.68033455 0.13933450 0.37421751 6.44159946 13.37059579
0.62229532 0.67692984 0.04151319 0.05083442 0.51232194 0.80710445 8.98932186 10.26824319
0.76698744 0.06870713 0.56202920 0.75929484 0.94802388 0.62451301 5.60142139 7.52991792
0.15138976 0.85610693 0.37066952 0.38000832 0.32124868 0.05741549 8.13972769 10.95587867
0.18404007 0.09837533 0.91385499 0.61616991 0.72449033 0.77634681 8.63199350 7.29525563
0.49177542 0.40648801 0.86184335 0.68466064 0.13478469 0.37334555 6.43895506 13.36956525
0.49193339 0.40678247 0.86454096 0.68768917 0.13167922 0.37273192 6.43709731 13.36883710
0.49228157 0.40742357 0.87032522 0.69398389 0.12516962 0.37140728 6.43309871 13.36725727
0.49273723 0.40825176 0.87756647 0.68089222 0.11700931 0.36971060 6.42799348 13.36522191
0.49269843 0.40818025 0.84844715 0.70727244 0.12092602 0.36985718 6.42841362 13.36539507
0.49384207 0.41025260 0.82088481 0.72037158 0.10593368 0.36561941 6.41563395 13.36030166
0.49443780 0.41131870 0.79518418 0.73172931 0.09541118 0.36346059 6.40938434 13.35769526
0.49491628 0.41215450 0.76692635 0.74189223 0.12478259 0.36177322 6.40420138 13.35562777
0.49301962 0.40868594 0.76623231 0.73319068 0.08069039 0.36897072 6.46268143 13.36434508
0.49070473 0.40435873 0.73243736 0.70554733 0.06401680 0.37798480 6.49659290 13.37510347
0.49253809 0.40791239 0.75338162 0.78165890 0.07446684 0.37047956 6.50388176 13.36632216
0.49040989 0.40431360 0.93521590 0.84429602 0.06189600 0.37751312 6.59329151 13.37502072
0.49459373 0.41131516 0.54667200 0.80407863 0.07726736 0.36373157 6.49874087 13.35774230
0.49733538 0.41576685 0.24666933 0.78880036 0.08399722 0.35542281 6.45972071 13.34756656
0.49272321 0.40817335 0.86406355 0.78675161 0.08560693 0.37032890 6.50009753 13.36639704
0.49563970 0.41026885 0.65277283 0.77010126 0.07527394 0.37160003 6.78181165 13.36749065
0.49454461 0.41084928 0.85783197 0.81079937 0.09578481 0.36670018 6.47485461 13.36229208
0.49684509 0.41118728 0.77199083 0.78660056 0.07827459 0.37231696 6.84992464 13.36827023
0.50022039 0.41470734 0.78345835 0.78556704 0.08396455 0.37070036 6.93759360 13.36626507
0.49696526 0.41089853 0.79538673 0.78066301 0.08815237 0.37436029 6.85224652 13.37088356
0.49651307 0.41332111 0.81974586 0.82088752 0.10689662 0.36515452 6.44848472 13.36091579
0.49545577 0.41258933 0.88645696 0.81209623 0.09911482 0.36332770 6.45973565 13.35885520
0.49849704 0.41921620 0.91628165 0.81386838 0.09875899 0.34641851 6.42817447 13.34021273
0.50350358 0.42945657 0.89709676 0.81483711 0.09389583 0.32419233 6.39967937 13.31731038
0.49266239 0.42256999 0.91138774 0.81474642 0.09216388 0.31151441 6.38601459 13.30840749
0.48188066 0.39782210 0.91764413 0.81075248 0.09851059 0.26848593 6.31070630 13.27990671
0.47900511 0.39891762 0.95381417 0.81012432 0.09796424 0.28409882 6.34057198 13.28421138
0.48207346 0.40447363 0.96437443 0.81102903 0.09582199 0.26547169 6.30410091 13.30146501
0.47256483 0.39364816 1.00000000 0.81104897 0.10415406 0.25353415 6.33518462 13.32241605
0.47900699 0.39931896 1.00000000 0.81122220 0.09727907 0.27741594 6.27240296 13.30773628
0.46105273 0.37966491 1.00000000 0.81594564 0.10196102 0.32493253 6.10969329 13.31321271
0.45221600 0.36475359 1.00000000 0.81981366 0.11016536 0.37152447 5.96095073 13.31270574
0.42552704 0.34435196 1.00000000 0.82329315 0.11788888 0.42159118 5.88879704 13.31020980
0.42120857 0.31374000 1.00000000 0.82795802 0.12930174 0.48200716 5.77294230 13.31524421
0.39796985 0.28713778 1.00000000 0.82881685 0.13684057 0.52753580 5.75237195 13.31277822
0.38940089 0.24770382 1.00000000 0.82912825 0.14674261 0.58188739 5.71659057 13.31357169
0.35956094 0.20112247 1.00000000 0.82887287 0.15450112 0.62712941 5.69934550 13.31646287
0.36996747 0.14481209 1.00000000 0.83091422 0.15852010 0.66228061 5.68357203 13.33135941
0.37045578 0.06126445 1.00000000 0.83389498 0.16221730 0.71448352 5.71230447 13.34967651
0.37430774 0.12474243 1.00000000 0.83582079 0.16261908 0.68697992 5.71611365 13.34799412
0.36465977 0.00269176 1.00000000 0.82472602 0.15487694 0.70636271 5.63632737 13.31141443
0.36524490 0.00000000 1.00000000 0.82108238 0.14576636 0.68642362 5.56349014 13.27319713
0.37642750 0.00000000 1.00000000 0.82022399 0.13612912 0.66790338 5.43567037 13.22297566
0.38375355 0.00000000 1.00000000 0.82432641 0.12920259 0.67241427 5.41739168 13.18522368
0.40359591 0.00000000 1.00000000 0.83184648 0.12338643 0.65914255 5.38611419 13.17466646
0.38902478 0.00000000 1.00000000 0.83386776 0.13091701 0.66467982 5.33095138 13.16626741
0.37858683 0.00000000 1.00000000 0.83892026 0.14083201 0.65551213 5.24250995 13.16780207
0.36293809 0.00000000 1.00000000 0.84849723 0.15511680 0.62242552 5.12509829 13.17311292
0.35280323 0.00000000 1.00000000 0.85753544 0.16826013 0.56924627 5.03038956 13.17593222
0.33540858 0.00000000 1.00000000 0.86089068 0.17961783 0.52513731 5.00069459 13.17528116
