0.32263888 0.07697788 0.97738193 0.43983355 0.03765913 0.89707143 7.43527065 10.43199474
0.77725355 0.94963169 0.45734865 0.90262541 0.84766078 0.24953632 6.84754715 12.86782991
0.61675329 0.46113882 0.72251915 0.02235089 0.56839976 0.31671879 9.01501926 11.15842300
0.03713868 0.58842355 0.21811660 0.57108037 0.25450028 0.54424467 6.13142138 8.73808623
0.15909332 0.36036565 0.25959836 0.70465666 0.44433319 0.78141812 9.33477699 12.26589522
0.73767414 0.73802477 0.80207010 0.14036536 0.62932746 0.07148560 5.30220491 7.36118657
0.90529895 0.22645661 0.00280342 0.75494809 0.91249774 0.48719824 8.04531505 9.11092133
0.45171806 0.84898102 0.56089444 0.33909393 0.22359040 0.65232681 6.30397958 14.02733383
0.40958889 0.39406622 0.09873429 0.22790771 0.78744453 0.60009758 9.16385466 11.76391110
0.98719321 0.51682064 0.58752204 0.67899631 0.09841524 0.26501627 5.11938888 8.14270246
0.65480306 0.00525505 0.35748428 0.31042570 0.31914263 0.17648292 8.43855464 9.84680099
0.20219879 0.88268617 0.83064893 0.84745145 0.50425908 0.96646273 6.70802243 13.45630558
0.07411108 0.16830020 0.62899953 0.99469985 0.69357492 0.70389575 7.60948227 10.14482332
0.52579600 0.79581294 0.18028846 0.41086181 0.37955350 0.43147891 7.02792536 12.99689495
0.86528090 0.30731749 0.88971976 0.54499064 0.16272750 0.00196085 8.62014188 11.25239304
0.28859592 0.67974129 0.42538178 0.10959021 0.97285135 0.85460498 5.72928918 8.38482281
0.27400089 0.27385132 0.59718221 0.81153616 0.29649584 0.38309919 6.88798318 11.40312933
0.19812513 0.88305485 0.83547741 0.85235491 0.50597196 0.97203228 6.70976750 13.45468713
0.19083247 0.88371052 0.84416566 0.86111373 0.50901583 0.98040498 6.71287764 13.45182025
0.27402188 0.27387904 0.59718428 0.81153328 0.29649466 0.38308430 6.88789376 11.40329832
0.18003921 0.88467370 0.85683039 0.87292988 0.51347862 0.98824102 6.71746780 13.44763097
0.16403801 0.88609647 0.87573529 0.88949249 0.52005571 0.99521006 6.72429093 13.44148015
0.14394875 0.88785992 0.90095340 0.91091496 0.52821380 1.00000000 6.73281435 13.43388911
0.11894307 0.89001352 0.93391352 0.93914936 0.53822289 1.00000000 6.74329631 13.42463545
0.10073837 0.89159132 0.95750523 0.96060546 0.54555375 1.00000000 6.75097298 13.41799075
0.09822128 0.89181644 0.94565812 0.97439053 0.54661228 1.00000000 6.75204096 13.41712434
0.10967404 0.89130288 0.94311342 0.96628538 0.54387361 1.00000000 6.74914745 13.41932653
0.11074538 0.89139269 0.93401628 0.97058995 0.54436639 1.00000000 6.74965732 13.41896420
0.10298847 0.89276376 0.88907048 0.96720846 0.55276496 1.00000000 6.75865011 13.41245600
0.11123004 0.89250723 0.91233837 0.97219665 0.55142275 1.00000000 6.75725172 13.41400708
0.09315366 0.89117742 0.84107539 0.96505935 0.53707757 1.00000000 6.74157754 13.41859725
0.10040708 0.89182571 0.78515576 0.96461010 0.52549136 1.00000000 6.72505354 13.41554825
0.10760932 0.89523847 0.71551566 0.96455519 0.53779792 1.00000000 6.69615122 13.40069242
0.10914105 0.89636241 0.68848631 0.96685394 0.51631058 1.00000000 6.68498869 13.39613020
0.12297701 0.90188667 0.61696868 0.97161298 0.50586811 1.00000000 6.63534227 13.37328899
0.14023303 0.90585279 0.56579724 0.97832425 0.49686379 1.00000000 6.57184793 13.35695035
0.16272464 0.90450395 0.53162777 0.98893366 0.48532441 1.00000000 6.47995087 13.36211854
0.18902346 0.89456381 0.51042173 0.99924830 0.47517883 1.00000000 6.37643328 13.40276464
0.21111131 0.88060415 0.47532169 1.00000000 0.46344363 1.00000000 6.28669206 13.46139719
0.22800166 0.86482024 0.40460540 0.99957082 0.44381269 1.00000000 6.19524320 13.52945777
0.25689459 0.85095369 0.31927257 1.00000000 0.45458089 0.99908916 6.10561778 13.59501171
0.24116118 0.85798268 0.36602960 1.00000000 0.43813337 0.99856140 6.16465634 13.54507954
0.27859755 0.84032029 0.29334586 1.00000000 0.40076998 0.99126025 6.15075078 13.48277920
0.26173325 0.84497774 0.31314481 1.00000000 0.41068968 0.98950015 6.18980399 13.56778065
0.35635969 0.83643216 0.28233352 1.00000000 0.39368480 0.96938479 6.27494330 13.56952560
0.25610321 0.83883960 0.28536941 0.99937400 0.42006380 0.98539228 6.15083909 13.53759878
0.26037198 0.84134172 0.33123806 0.99985987 0.41621076 0.99192626 6.12691329 13.54239968
0.26063818 0.82897853 0.34758276 1.00000000 0.41626708 0.98156484 6.13175586 13.54584001
0.25894478 0.85169809 0.32708251 0.99820796 0.41335757 0.97841339 6.09751974 13.54501852
0.25746488 0.88047353 0.35249585 0.99569709 0.40999600 0.93785404 6.04067551 13.53890903
0.25809162 0.87903306 0.34852934 0.98726092 0.41091374 0.94509469 6.06123018 13.53986677
0.26237344 0.87160043 0.34711077 1.00000000 0.41343815 0.93514573 6.06075753 13.53853257
0.26149491 0.95432408 0.37024613 1.00000000 0.40572706 0.94976426 5.91997413 13.53865288
0.25905128 0.98013336 0.37889366 1.00000000 0.40711017 0.95055665 5.94375533 13.53308717
0.26317816 0.92442104 0.40895338 1.00000000 0.40037844 0.94553984 5.83806159 13.53483305
0.26514110 0.91859774 0.45562465 1.00000000 0.39413135 0.93952507 5.72213206 13.53084317
0.26620686 0.91556735 0.52701802 1.00000000 0.38123167 0.92366608 5.48153728 13.53042513
0.26797386 0.91668169 0.60771195 1.00000000 0.37335542 0.90668668 5.27259811 13.52580735
0.26271166 0.91834603 0.68629716 1.00000000 0.36497874 0.89233524 5.11401580 13.51988144
0.26994780 0.92310457 0.74908288 1.00000000 0.36349056 0.88216487 4.99043259 13.52847108
0.26229179 0.92623461 0.77720837 1.00000000 0.36554520 0.87337211 4.99043259 13.51389870
0.25909597 0.91044666 0.75979915 1.00000000 0.36711703 0.89486136 4.99043259 13.53890696
0.20006556 0.93331189 0.18497496 0.99060006 0.40936051 0.91396557 5.03367721 13.50569843
0.22025374 0.88300543 0.73684997 1.00000000 0.39668396 0.91238784 4.99043259 13.55200597
0.26102020 0.88368775 0.82219957 1.00000000 0.36579864 0.92205622 4.99043259 13.57157153
0.25986444 0.86356071 0.87508269 1.00000000 0.36836961 0.93489850 4.99043259 13.58873867
0.25757891 0.80358760 0.85639100 1.00000000 0.36998417 0.92083536 4.99043259 13.58346340
