0.18724609 0.94044923 0.78028866 0.82781375 0.09949824 0.65847146 5.32349531 13.92699891
0.97897884 0.20084938 0.37293945 0.43062565 0.82866575 0.13695467 8.92532593 9.29042932
0.70974429 0.67588433 0.68507505 0.74572738 0.51601610 0.44901937 7.13131726 8.14333424
0.37794178 0.43233275 0.21815674 0.01246815 0.28616946 0.97430498 8.43055653 11.62044687
0.36824375 0.55207434 0.46233581 0.13808039 0.48951626 0.58324694 6.53318498 8.22452808
0.54376594 0.30858069 0.93316132 0.61938269 0.68767027 0.12038088 7.83242391 11.53880473
0.76604702 0.81474643 0.12100653 0.30598998 0.87576252 0.30927759 5.85866629 12.71290953
0.06803416 0.07508293 0.52444854 0.95122876 0.17740239 0.76834411 9.46049724 10.50412300
0.01748552 0.74869209 0.01503591 0.53641528 0.81065420 0.90191706 6.30774256 8.90878431
0.81654227 0.48440279 0.60695542 0.20514508 0.01118182 0.42765681 7.31129075 10.86134693
0.61779018 0.88448800 0.41980837 0.89207301 0.32382384 0.23644175 5.79512254 12.95204474
0.29428820 0.13193255 0.95215639 0.34973170 0.62399061 0.71523390 9.10126645 10.27178621
0.46025917 0.75878437 0.69632295 0.47607639 0.67064381 0.85635706 5.25095674 13.68117085
0.62748032 0.00616716 0.16788022 0.76646077 0.40216966 0.31501512 8.55710101 9.54305668
0.93574680 0.62488125 0.85503882 0.08173008 0.21408504 0.00526883 6.93285861 7.47936859
0.23040949 0.36065181 0.25921403 0.66105095 0.98275004 0.54210947 7.93640645 12.29121183
0.19932406 0.57579798 0.58440822 0.26596083 0.26418339 0.37220151 8.73594534 7.62209752
0.38809660 0.80670074 0.71863068 0.56886618 0.51974433 0.80437610 5.26986609 13.74636341
0.33598513 0.84135722 0.73467309 0.63600047 0.41059099 0.76666546 5.28366034 13.79329644
0.29646146 0.86766764 0.74681634 0.68694775 0.32777813 0.73798397 5.29418132 13.82884182
0.26704876 0.88724853 0.75583835 0.72489258 0.26795744 0.71662193 5.30203215 13.85528219
0.24189712 0.90391239 0.76348411 0.75755066 0.22873805 0.69841279 5.30870819 13.87786290
0.25093163 0.89667460 0.75985179 0.75033979 0.19720182 0.70611564 5.30556890 13.86908238
0.05619495 0.98360636 0.98614632 0.94555731 0.01075574 0.50501271 5.05862701 14.15259856
0.28283432 0.87681464 0.75536256 0.69874521 0.33620264 0.72581653 5.29161679 13.84408152
0.21480794 0.92357294 0.76867339 0.79161788 0.26153224 0.67870543 5.32183169 13.90089527
0.18913929 0.94168923 0.76741315 0.85408521 0.29411938 0.66137249 5.33737323 13.92063266
0.71009987 0.67604990 0.68521802 0.74619321 0.51609689 0.44902990 7.13192488 8.14347738
0.61707409 0.88476763 0.42024855 0.89254879 0.32302229 0.23641049 5.79456713 12.95310882
0.81664950 0.48445010 0.60691887 0.20512067 0.01109340 0.42766486 7.31107295 10.86115612
0.71540577 0.67849160 0.68718529 0.75567095 0.51756958 0.44916806 7.14093181 8.14553327
0.59319773 0.89394846 0.43417248 0.90955900 0.29602236 0.23571193 5.77582454 12.98860241
0.56733791 0.90351172 0.44806831 0.92936383 0.26761612 0.23594301 5.75466929 13.02755781
0.18803624 0.94149356 0.76899113 0.85595832 0.35298581 0.65631695 5.32836683 13.92592477
0.53155935 0.91589686 0.46545716 0.95724728 0.22564072 0.23825110 5.72306490 13.08321676
0.81686652 0.48454707 0.60688269 0.20506557 0.01080885 0.42769372 7.31061503 10.86084585
0.46456780 0.75580107 0.69671875 0.47179154 0.67579595 0.85925027 5.24762842 13.67846491
0.45016318 0.76578469 0.69596149 0.48569068 0.65798972 0.84952108 5.25841530 13.68766226
0.54396733 0.30847810 0.93360448 0.61943174 0.68749923 0.11982474 7.83237895 11.53867598
0.18131672 0.94637679 0.76051343 0.91343490 0.34573367 0.65349433 5.34015907 13.92787006
0.72941291 0.68495230 0.69237394 0.77983091 0.52149731 0.44962426 7.16472749 8.15094347
0.48031172 0.74480113 0.69880379 0.45612949 0.69415268 0.86971339 5.23471844 13.66904237
0.73878747 0.68926644 0.69592796 0.79560046 0.52406750 0.44999091 7.18025570 8.15453242
0.69678555 0.66987690 0.68047141 0.72400049 0.51248215 0.44861820 7.10896360 8.13815764
0.75180333 0.69526994 0.70089090 0.81656843 0.52764674 0.45054367 7.20111146 8.15944397
0.39814202 0.79930948 0.72224850 0.56424125 0.51947530 0.80739138 5.25818571 13.74229759
0.50571925 0.92385278 0.47622969 0.97663576 0.19383519 0.24089006 5.69817631 13.12445412
0.68427427 0.66391379 0.67645114 0.70519542 0.50894487 0.44783608 7.08618036 8.13250710
0.51056253 0.92227682 0.47373336 0.97823803 0.19330831 0.23863956 5.70319287 13.11457714
0.18917700 0.93935653 0.75483030 0.93889709 0.39288632 0.65798852 5.32788817 13.92538887
0.76835377 0.70304415 0.70722651 0.84166205 0.53219519 0.45138902 7.22581543 8.16545327
0.49216570 0.92823416 0.48491875 0.96919853 0.20066183 0.25242257 5.68424063 13.15662531
0.47731328 0.93229770 0.49789835 0.96507275 0.20719925 0.27639682 5.66984158 13.20047412
0.37882013 0.81347962 0.70927300 0.56633535 0.52280205 0.81085768 5.29013320 13.74573790
0.47281269 0.93276412 0.50402585 0.96221207 0.21082863 0.29453381 5.66531568 13.22236334
0.46942120 0.93100015 0.51083124 0.95981341 0.21142310 0.32938300 5.65988876 13.25562521
0.78476265 0.71112514 0.71359318 0.86630305 0.53676842 0.45286238 7.24770056 8.17079261
0.46934398 0.92755943 0.51285801 0.96083829 0.21253083 0.36030017 5.65583917 13.28047422
0.47016423 0.92055813 0.51172766 0.96834133 0.22149144 0.40593436 5.64693103 13.31671897
0.46671554 0.91340813 0.50972404 0.97822686 0.23570991 0.44842062 5.62995719 13.35962990
0.46609114 0.91645053 0.51107229 0.96713250 0.22470881 0.43322261 5.63101577 13.35244827
0.66849133 0.65634634 0.67218311 0.68473228 0.50447094 0.44659261 7.05375918 8.12320532
0.47250212 0.92131315 0.50862324 0.96908255 0.21934109 0.39742412 5.64939138 13.31534941
0.48206538 0.92490250 0.49931831 0.96991043 0.21600916 0.36137043 5.66789716 13.29802579
0.46128388 0.91890805 0.51763214 0.96730943 0.22262363 0.41616389 5.62719090 13.31299303
0.82504136 0.48761921 0.60656011 0.20291476 0.00000000 0.42682184 7.29336550 10.85209645
0.44911200 0.90523368 0.51295194 0.99107088 0.25676219 0.49289764 5.58339828 13.40626924
