0.23859941 0.69584278 0.36066034 0.49785645 0.16152866 0.10303221 8.26630341 7.42068033
0.97764828 0.38281504 0.58572206 0.59994071 0.70619207 0.77351944 6.65869418 12.32917973
0.65595967 0.98949841 0.01181193 0.05339807 0.86227452 0.64496619 9.28073053 13.46626396
0.37791494 0.17744724 0.79156152 0.91914830 0.25462270 0.47451103 5.07764929 9.74511569
0.27919060 0.83229744 0.62637938 0.79139785 0.41004124 0.16541313 8.74913206 12.64275096
0.50065569 0.02031874 0.41405843 0.17381663 0.95862625 0.96187668 6.03996353 10.54052857
0.86525212 0.60346161 0.99621970 0.71975655 0.61376206 0.58258554 7.44734294 8.32500197
0.10477975 0.29050636 0.21358663 0.36974743 0.00218888 0.28615358 6.75686706 11.39855005
0.05658767 0.90574745 0.90192290 0.21481253 0.64586867 0.39760545 8.57040759 13.15783595
0.78588046 0.21871916 0.18459646 0.81292390 0.22179174 0.72528789 5.81147726 10.07925650
0.58014913 0.65896729 0.72543790 0.26619052 0.31519048 0.85433436 7.85795847 8.83497478
0.32750457 0.47096244 0.43779859 0.63579157 0.80127925 0.02662129 7.10874389 10.94228455
0.45338961 0.50361072 0.10513598 0.51207719 0.89438065 0.33571880 7.90305153 8.03853094
0.70023577 0.31564783 0.82543832 0.39821328 0.47422509 0.53742444 6.34518213 11.76471390
0.93324993 0.81057202 0.27234019 0.94457281 0.06667838 0.91622128 9.47955417 14.08912116
0.16300237 0.12358570 0.54732965 0.09048018 0.54884555 0.21448453 5.33522480 9.17553765
0.15476782 0.76801148 0.13048801 0.71760837 0.29538447 0.52013471 6.48196043 13.86287464
0.09235320 0.28719464 0.20201514 0.36525550 0.00000000 0.28652166 6.75674899 11.40115020
0.15476509 0.76791443 0.13048000 0.71775204 0.29569221 0.86929080 6.48197747 13.86267154
0.15476480 0.76729721 0.13046572 0.71768492 0.29875767 0.77134661 6.86028830 13.86112381
0.15470458 0.76570577 0.13073531 0.71684006 0.30840973 0.80595167 7.22985740 13.85548356
0.01679839 0.26863266 0.13128108 0.33990897 0.00000000 0.28867434 6.75600103 11.41588263
0.15627899 0.76509891 0.13228423 0.71334418 0.31986817 0.82995509 7.68553691 13.84596381
0.00000000 0.25749135 0.07853132 0.32435298 0.00167196 0.29008736 6.75532754 11.42477675
0.15254786 0.76483820 0.13260811 0.70558056 0.33324816 0.83285574 8.04426702 13.83414767
0.00000000 0.25840874 0.12439191 0.32635872 0.00000000 0.29009661 6.75581241 11.42357833
0.14278628 0.76399544 0.12965826 0.69313243 0.34514721 0.82172590 8.16583441 13.82377647
0.00000000 0.25136913 0.16030244 0.31663595 0.00000000 0.29229758 6.75594547 11.43165593
0.00000000 0.24886664 0.11936385 0.32544713 0.00000000 0.28755158 6.75656340 11.40892565
0.13721797 0.76207872 0.13103336 0.66096755 0.33887690 0.82752976 8.02131467 13.81439974
0.00000000 0.28093907 0.12293946 0.32619799 0.00000000 0.29038836 6.75560669 11.42629391
0.10568599 0.76028511 0.12721888 0.70806114 0.34949740 0.81858153 8.12473738 13.79698045
0.10956336 0.75802700 0.11995245 0.69912329 0.37375752 0.79436768 8.33677373 13.77367993
0.00000000 0.20464594 0.14836412 0.33829471 0.00246062 0.29839817 6.75307664 11.46444420
0.09882672 0.75405124 0.12493033 0.67795538 0.34391456 0.83194452 8.00734150 13.74530142
0.07922293 0.76373371 0.13500559 0.67090938 0.34729278 0.83680590 7.96563023 13.86473919
0.00000000 0.12192586 0.19080115 0.35371305 0.00876886 0.31152055 6.74834360 11.51455361
0.00000000 0.04409173 0.23232230 0.36241458 0.01587985 0.32569867 6.74393141 11.55848231
0.10591787 0.74685770 0.10710865 0.69796203 0.32807674 0.86038328 8.00372757 13.60552000
0.11391592 0.74114221 0.10206078 0.68498659 0.31605061 0.86292284 7.95271435 13.52975215
0.12350242 0.73424096 0.10038955 0.67749059 0.30020885 0.84731421 7.92971547 13.45211893
0.00000000 0.00000000 0.28731646 0.36766562 0.02539442 0.34672146 6.73805383 11.61461811
0.00000000 0.00000000 0.27262842 0.36889242 0.01572552 0.34708605 6.73170395 11.60311544
0.01065724 0.00000000 0.33365285 0.35488098 0.01045616 0.34951915 6.75904726 11.65220428
0.01414615 0.00000000 0.39149372 0.35469707 0.00198890 0.35339275 6.78041385 11.68912432
0.01940680 0.00000000 0.44333551 0.34789675 0.00000000 0.35975521 6.79313749 11.72456548
0.12741883 0.73617105 0.10115768 0.67214273 0.29447766 0.83941758 7.96429533 13.46726258
0.12125618 0.72590125 0.10953365 0.69833472 0.30458988 0.83956622 7.66137725 13.36244408
0.01846423 0.00000000 0.47084998 0.34787335 0.00000000 0.39032564 6.76096661 11.73462430
0.01408992 0.00000000 0.45957533 0.34912314 0.00000000 0.41176000 6.66380519 11.72972624
0.00649694 0.00000000 0.50076425 0.35291112 0.00000000 0.42201801 6.38943493 11.72650997
0.12431202 0.72294295 0.12486774 0.71100103 0.30359327 0.81098169 7.48018553 13.29474646
0.00123608 0.00000000 0.54347317 0.35955369 0.00000000 0.39590146 6.19565330 11.71673352
0.00000000 0.00000000 0.60018882 0.36752916 0.00000000 0.34608916 5.94713937 11.70122110
0.00000000 0.00000000 0.63020184 0.37779313 0.00000000 0.31201077 5.82679147 11.68954998
0.00164295 0.00000000 0.66464604 0.38971318 0.00000000 0.25900030 5.62783149 11.67633588
0.12782340 0.72633661 0.15419526 0.72735663 0.29878916 0.76099748 7.24482116 13.22761599
0.00427909 0.00468378 0.70309128 0.40155487 0.00274526 0.21232310 5.51106636 11.65844769
0.13315829 0.73704879 0.18928815 0.73873510 0.29309495 0.71262361 6.99374029 13.18760734
0.00752283 0.00000000 0.70391866 0.41108368 0.00000000 0.20673432 5.40155532 11.65333194
0.01876218 0.00144772 0.72660005 0.42604130 0.00000000 0.19039737 5.20717320 11.63045375
0.02410109 0.00000000 0.69668083 0.44390448 0.00000000 0.19940295 5.12601516 11.64152722
0.14069794 0.76119048 0.24333521 0.75135469 0.28430764 0.66006728 6.69756599 13.14759743
0.02765382 0.00000000 0.70573392 0.44080160 0.00000000 0.20035699 5.10387919 11.65301672
0.14766993 0.78530189 0.29341572 0.75931272 0.27738728 0.63135010 6.48904852 13.12509452
0.04304933 0.00000000 0.68498220 0.45250945 0.00000000 0.23182648 5.15618466 11.70530156
0.03695451 0.00000000 0.69719004 0.45409530 0.00000000 0.19630298 5.06535893 11.71153452
