-314.08996545
-313.92087439
-312.83837818
-311.02753018
-309.07209122
-308.13152957
-307.65861868
-306.21890479
-304.98593277
-305.60229001
-303.90657161
-304.35169289
-301.29304823
-295.73236735
-288.07631771
-276.48207048
-273.89975816
-275.08417325
-269.37732520
-267.76520622
-262.81333032
-248.72437339
-229.99873191
-210.64440777
-194.22763230
-176.95325889
-100.15227774
-83.61374420
-50.50224399
-49.97473610
-931.81493215
-67.89375318
-47.22239340
-49.47702598
-46.03600194
-45.89762815
-45.96588055
-45.75565549
-45.62248696
-45.39790755
-45.17774234
-45.17531632
-45.13735714
-45.26170267
-44.46091465
-7771.24706897
-44.09286792
-43.78458599
-44.15587178
-43.24115677
-43.72241672
