-274.98500895
-272.84145552
-257.20109169
-278.32122306
-237.39540083
-215.25372601
-191.77076220
-164.43828496
-119.93673333
-92.19800849
-83.57139381
-85.44657337
-223.38089328
-85.20097630
-79.14119647
-77.88520737
-86.00897334
-80.31789973
-77.22795451
-77.27900961
-73.90321038
-69.60139049
-66.61052266
-65.01117362
-60.34528729
-56.93663644
-55.34680479
-53.16075889
-51.60275134
-50.35144631
-60.69097697
-49.52313867
-48.56604311
-48.14468510
-47.77348964
-46.98276629
-46.43273544
-45.54482849
-45.06545040
-44.61521159
-43.97181517
-44.24213734
-43.37012367
-44.27282238
-43.48281006
-43.39290921
-42.70427514
-42.17993551
-41.87241988
-41.66675925
-41.21625027
