-154.72052760
-141.15272967
-119.34127935
-97.94555770
-122.33412159
-121.65904880
-98.79047651
-99.94677878
-97.41234584
-479.05069872
-96.95999930
-96.07347145
-96.76974834
-98.32592438
-102.74448715
-93.57272096
-88.99220363
-85.51982137
-82.78735294
-79.65173655
-77.41095460
-75.87458103
-73.78941993
-72.71206853
-69.62209774
-70.43084907
-67.97082747
-68.61552112
-68.38183216
-65.93835192
-64.67942072
-63.83435588
-62.85810377
-61.48591581
-60.29861465
-59.35813511
-58.79243978
-58.24853634
-57.97889638
-57.47623247
-56.64563076
-55.30155819
-54.03004372
-52.87361486
-52.07941863
-53.61511500
-51.39152051
-51.42472378
-51.40447029
-51.49146531
-51.38224534
