1.469999877929687500e+03
1.499160522460937500e+03
1.528852172851562500e+03
1.559082397460937500e+03
1.589859130859375000e+03
1.621190307617187500e+03
1.653083618164062500e+03
1.685547119140625000e+03
1.718588500976562500e+03
1.752215698242187500e+03
1.786436767578125000e+03
1.821259399414062500e+03
1.856691772460937500e+03
1.892741577148437500e+03
1.929416870117187500e+03
1.966725585937500000e+03
2.004675415039062500e+03
2.043274414062500000e+03
2.082530273437500000e+03
2.122450927734375000e+03
2.163043945312500000e+03
2.204316894531250000e+03
2.246277832031250000e+03
2.288934082031250000e+03
2.332293212890625000e+03
2.376362792968750000e+03
2.421149902343750000e+03
2.466662109375000000e+03
2.512905761718750000e+03
2.559888671875000000e+03
2.607617675781250000e+03
2.656099365234375000e+03
2.705340576171875000e+03
2.755347656250000000e+03
2.806126953125000000e+03
2.857684814453125000e+03
2.910027099609375000e+03
2.963159667968750000e+03
3.017087890625000000e+03
3.071817871093750000e+03
3.127354248046875000e+03
3.183702392578125000e+03
3.240866210937500000e+03
3.298851318359375000e+03
3.357661621093750000e+03
3.417301269531250000e+03
3.477773681640625000e+03
3.539082275390625000e+03
3.601230468750000000e+03
3.664220947265625000e+03
3.728056152343750000e+03
3.792738525390625000e+03
3.858269775390625000e+03
3.924651611328125000e+03
3.991885009765625000e+03
4.059970703125000000e+03
4.128909179687500000e+03
4.198700683593750000e+03
4.269344726562500000e+03
4.340840820312500000e+03
4.413187500000000000e+03
4.486383300781250000e+03
4.560426269531250000e+03
4.635314453125000000e+03
4.711044433593750000e+03
4.787612792968750000e+03
4.865017089843750000e+03
4.943251953125000000e+03
5.022313476562500000e+03
5.102196289062500000e+03
5.182895019531250000e+03
5.264403808593750000e+03
5.346716796875000000e+03
5.429825683593750000e+03
5.513726074218750000e+03
5.598407226562500000e+03
5.683864257812500000e+03
5.770085449218750000e+03
5.857064941406250000e+03
5.944791015625000000e+03
6.033256347656250000e+03
6.122448242187500000e+03
6.212359863281250000e+03
6.302976562500000000e+03
6.394290527343750000e+03
6.486289550781250000e+03
6.578961914062500000e+03
6.672295898437500000e+03
6.766279785156250000e+03
6.860900878906250000e+03
6.956146972656250000e+03
7.052006347656250000e+03
7.148466308593750000e+03
7.245513671875000000e+03
7.343136718750000000e+03
7.441322265625000000e+03
7.540058105468750000e+03
7.639332519531250000e+03
7.739132812500000000e+03
7.839447753906250000e+03
7.940264648437500000e+03
8.041573242187500000e+03
8.143362304687500000e+03
8.245622070312500000e+03
8.348342773437500000e+03
8.451514648437500000e+03
8.555129882812500000e+03
8.659180664062500000e+03
8.763660156250000000e+03
8.868562500000000000e+03
8.973883789062500000e+03
9.079618164062500000e+03
9.185762695312500000e+03
9.292319335937500000e+03
9.399286132812500000e+03
9.506664062500000000e+03
9.614457031250000000e+03
9.722669921875000000e+03
9.831308593750000000e+03
9.940380859375000000e+03
1.004989843750000000e+04
1.015987207031250000e+04
1.027031835937500000e+04
1.038125292968750000e+04
1.049269531250000000e+04
1.060466796875000000e+04
1.071719531250000000e+04
1.083030371093750000e+04
1.094402441406250000e+04
1.105839160156250000e+04
1.117343945312500000e+04
1.128920898437500000e+04
1.140574414062500000e+04
1.152309082031250000e+04
1.164130078125000000e+04
1.176042578125000000e+04
1.188052539062500000e+04
1.200166210937500000e+04
1.212390136718750000e+04
1.224731542968750000e+04
1.237197656250000000e+04
1.249796679687500000e+04
1.262536914062500000e+04
1.275427343750000000e+04
1.288477246093750000e+04
1.301696484375000000e+04
1.315095605468750000e+04
1.328685253906250000e+04
1.342476953125000000e+04
1.356482519531250000e+04
1.370714453125000000e+04
1.385185742187500000e+04
1.399909667968750000e+04
1.414900292968750000e+04
1.430172167968750000e+04
1.445740527343750000e+04
1.461620703125000000e+04
1.477828320312500000e+04
1.494380273437500000e+04
1.511293847656250000e+04
1.528586035156250000e+04
1.546274121093750000e+04
1.564376757812500000e+04
1.582912597656250000e+04
1.601900000000000000e+04
1.621357617187500000e+04
1.641304882812500000e+04
1.661761523437500000e+04
1.682745898437500000e+04
1.704277929687500000e+04
1.726376171875000000e+04
1.749059765625000000e+04
1.772346484375000000e+04
1.796255664062500000e+04
1.820802929687500000e+04
1.846006445312500000e+04
1.871880664062500000e+04
1.898441406250000000e+04
1.925700781250000000e+04
1.953671875000000000e+04
1.982364062500000000e+04
2.011786914062500000e+04
2.041945507812500000e+04
2.072844335937500000e+04
2.104486132812500000e+04
2.136867773437500000e+04
2.169986718750000000e+04
2.203833789062500000e+04
2.238398828125000000e+04
2.273665429687500000e+04
2.309615820312500000e+04
2.346224414062500000e+04
2.383464257812500000e+04
2.421300195312500000e+04
2.459694335937500000e+04
2.498600585937500000e+04
2.537969921875000000e+04
2.577743750000000000e+04
2.617860351562500000e+04
2.658248242187500000e+04
2.698830859375000000e+04
2.739525195312500000e+04
2.780239062500000000e+04
2.820872656250000000e+04
2.861320117187500000e+04
2.901468554687500000e+04
2.941195312500000000e+04
2.980370507812500000e+04
3.018858593750000000e+04
3.056516796875000000e+04
3.093193750000000000e+04
3.128732421875000000e+04
3.162970898437500000e+04
3.195742968750000000e+04
3.226876171875000000e+04
3.256195703125000000e+04
3.283526171875000000e+04
3.308691015625000000e+04
3.331514843750000000e+04
3.351824218750000000e+04
3.369452343750000000e+04
3.384237890625000000e+04
3.396028906250000000e+04
3.404683984375000000e+04
3.410075000000000000e+04
3.412089843750000000e+04
3.410632812500000000e+04
3.405626953125000000e+04
3.397016796875000000e+04
3.384767968750000000e+04
3.368869140625000000e+04
3.349331640625000000e+04
3.326191406250000000e+04
3.299506250000000000e+04
3.269356054687500000e+04
3.235843164062500000e+04
3.199090234375000000e+04
3.159236914062500000e+04
3.116438476562500000e+04
3.070866406250000000e+04
3.022704296875000000e+04
2.972142968750000000e+04
2.919381445312500000e+04
2.864624804687500000e+04
2.808082031250000000e+04
2.749960351562500000e+04
2.690465820312500000e+04
2.629804101562500000e+04
2.568177148437500000e+04
2.505778320312500000e+04
2.442794335937500000e+04
2.379406835937500000e+04
2.315789257812500000e+04
2.252102734375000000e+04
2.188500976562500000e+04
2.125126171875000000e+04
2.062113476562500000e+04
1.999587304687500000e+04
1.937660546875000000e+04
1.876435742187500000e+04
1.816008203125000000e+04
1.756464257812500000e+04
1.697878515625000000e+04
1.640317187500000000e+04
1.583840429687500000e+04
1.528500683593750000e+04
1.474340429687500000e+04
1.421395312500000000e+04
1.369696777343750000e+04
1.319269824218750000e+04
1.270131835937500000e+04
1.222294921875000000e+04
1.175768359375000000e+04
1.130556835937500000e+04
1.086658984375000000e+04
1.044070117187500000e+04
1.002783496093750000e+04
9.627895507812500000e+03
9.240742187500000000e+03
8.866210937500000000e+03
8.504131835937500000e+03
8.154313476562500000e+03
7.816535644531250000e+03
7.490563476562500000e+03
7.176168457031250000e+03
6.873087402343750000e+03
6.581072265625000000e+03
6.299845214843750000e+03
6.029145019531250000e+03
5.768685058593750000e+03
5.518196777343750000e+03
5.277389160156250000e+03
5.045990722656250000e+03
4.823710937500000000e+03
4.610279785156250000e+03
4.405413574218750000e+03
4.208833984375000000e+03
4.020273193359375000e+03
3.839466064453125000e+03
3.666144287109375000e+03
3.500045410156250000e+03
3.340917968750000000e+03
3.188515380859375000e+03
3.042589843750000000e+03
2.902900878906250000e+03
2.769218261718750000e+03
2.641318115234375000e+03
2.518976562500000000e+03
2.401977050781250000e+03
2.290115478515625000e+03
2.183185058593750000e+03
2.080993896484375000e+03
1.983347778320312500e+03
1.890066650390625000e+03
1.800968627929687500e+03
1.715885253906250000e+03
1.634646484375000000e+03
1.557095458984375000e+03
1.483073730468750000e+03
1.412435180664062500e+03
1.345034423828125000e+03
1.280730224609375000e+03
1.219394165039062500e+03
1.160895385742187500e+03
1.105110107421875000e+03
1.051917724609375000e+03
1.001208312988281250e+03
9.528700561523437500e+02
9.067976684570312500e+02
8.628884887695312500e+02
8.210491333007812500e+02
7.811848144531250000e+02
7.432064208984375000e+02
7.070285034179687500e+02
6.725679321289062500e+02
6.397490234375000000e+02
6.084953002929687500e+02
5.787349243164062500e+02
5.503979492187500000e+02
5.234208374023437500e+02
4.977395019531250000e+02
4.732937316894531250e+02
4.500250244140625000e+02
4.278801879882812500e+02
4.068057250976562500e+02
3.867513427734375000e+02
3.676683044433593750e+02
3.495122680664062500e+02
3.322386474609375000e+02
3.158056945800781250e+02
3.001728210449218750e+02
2.853032226562500000e+02
2.711598815917968750e+02
2.577081298828125000e+02
2.449143524169921875e+02
2.327480468750000000e+02
2.211785583496093750e+02
2.101772003173828125e+02
1.997162017822265625e+02
1.897702789306640625e+02
1.803141784667968750e+02
1.713241577148437500e+02
1.627773284912109375e+02
1.546528320312500000e+02
1.469298248291015625e+02
