1.469999877929687500e+03
1.501513183593750000e+03
1.533665771484375000e+03
1.566469116210937500e+03
1.599935058593750000e+03
1.634075317382812500e+03
1.668901855468750000e+03
1.704426635742187500e+03
1.740662353515625000e+03
1.777620971679687500e+03
1.815315307617187500e+03
1.853757812500000000e+03
1.892961425781250000e+03
1.932939331054687500e+03
1.973704223632812500e+03
2.015269775390625000e+03
2.057648681640625000e+03
2.100854980468750000e+03
2.144902099609375000e+03
2.189803710937500000e+03
2.235573486328125000e+03
2.282225585937500000e+03
2.329773681640625000e+03
2.378232177734375000e+03
2.427615234375000000e+03
2.477937255859375000e+03
2.529212402343750000e+03
2.581455322265625000e+03
2.634680175781250000e+03
2.688902099609375000e+03
2.744135253906250000e+03
2.800394775390625000e+03
2.857695068359375000e+03
2.916051025390625000e+03
2.975477294921875000e+03
3.035989013671875000e+03
3.097600585937500000e+03
3.160327148437500000e+03
3.224183349609375000e+03
3.289184082031250000e+03
3.355343994140625000e+03
3.422678222656250000e+03
3.491200439453125000e+03
3.560926513671875000e+03
3.631870117187500000e+03
3.704045654296875000e+03
3.777467773437500000e+03
3.852150634765625000e+03
3.928107910156250000e+03
4.005354003906250000e+03
4.083902343750000000e+03
4.163766601562500000e+03
4.244959960937500000e+03
4.327495605468750000e+03
4.411387207031250000e+03
4.496646484375000000e+03
4.583286132812500000e+03
4.671318847656250000e+03
4.760755859375000000e+03
4.851608886718750000e+03
4.943889648437500000e+03
5.037608398437500000e+03
5.132775390625000000e+03
5.229401367187500000e+03
5.327495605468750000e+03
5.427067871093750000e+03
5.528126464843750000e+03
5.630679687500000000e+03
5.734735351562500000e+03
5.840300292968750000e+03
5.947382324218750000e+03
6.055987304687500000e+03
6.166120605468750000e+03
6.277785644531250000e+03
6.390991210937500000e+03
6.505735351562500000e+03
6.622025390625000000e+03
6.739860351562500000e+03
6.859245117187500000e+03
6.980176269531250000e+03
7.102659667968750000e+03
7.226687500000000000e+03
7.352264648437500000e+03
7.479383300781250000e+03
7.608043945312500000e+03
7.738240722656250000e+03
7.869968261718750000e+03
8.003220703125000000e+03
8.137991210937500000e+03
8.274270507812500000e+03
8.412050781250000000e+03
8.551321289062500000e+03
8.692070312500000000e+03
8.834286132812500000e+03
8.977954101562500000e+03
9.123061523437500000e+03
9.269590820312500000e+03
9.417525390625000000e+03
9.566846679687500000e+03
9.717534179687500000e+03
9.869569335937500000e+03
1.002292871093750000e+04
1.017758886718750000e+04
1.033352539062500000e+04
1.049071093750000000e+04
1.064911816406250000e+04
1.080871972656250000e+04
1.096948339843750000e+04
1.113137695312500000e+04
1.129436816406250000e+04
1.145842089843750000e+04
1.162349902343750000e+04
1.178956445312500000e+04
1.195657714843750000e+04
1.212449707031250000e+04
1.229327929687500000e+04
1.246288085937500000e+04
1.263325390625000000e+04
1.280435156250000000e+04
1.297612304687500000e+04
1.314851660156250000e+04
1.332147949218750000e+04
1.349495703125000000e+04
1.366889062500000000e+04
1.384322265625000000e+04
1.401789160156250000e+04
1.419283496093750000e+04
1.436798925781250000e+04
1.454328710937500000e+04
1.471865917968750000e+04
1.489403613281250000e+04
1.506934570312500000e+04
1.524451367187500000e+04
1.541946484375000000e+04
1.559411914062500000e+04
1.576839843750000000e+04
1.594221972656250000e+04
1.611550000000000000e+04
1.628815234375000000e+04
1.646008789062500000e+04
1.663122070312500000e+04
1.680145703125000000e+04
1.697070312500000000e+04
1.713886523437500000e+04
1.730584960937500000e+04
1.747155078125000000e+04
1.763587695312500000e+04
1.779872265625000000e+04
1.795998632812500000e+04
1.811956250000000000e+04
1.827734960937500000e+04
1.843323632812500000e+04
1.858711914062500000e+04
1.873888867187500000e+04
1.888843359375000000e+04
1.903564843750000000e+04
1.918042187500000000e+04
1.932263867187500000e+04
1.946219140625000000e+04
1.959897265625000000e+04
1.973286914062500000e+04
1.986376757812500000e+04
1.999156054687500000e+04
2.011614453125000000e+04
2.023740429687500000e+04
2.035523437500000000e+04
2.046952929687500000e+04
2.058018945312500000e+04
2.068710742187500000e+04
2.079018554687500000e+04
2.088932226562500000e+04
2.098442773437500000e+04
2.107540429687500000e+04
2.116216406250000000e+04
2.124461718750000000e+04
2.132268359375000000e+04
2.139627734375000000e+04
2.146532812500000000e+04
2.152975781250000000e+04
2.158950195312500000e+04
2.164449023437500000e+04
2.169466796875000000e+04
2.173997460937500000e+04
2.178036132812500000e+04
2.181578515625000000e+04
2.184619726562500000e+04
2.187156835937500000e+04
2.189186132812500000e+04
2.190705273437500000e+04
2.191712109375000000e+04
2.192205273437500000e+04
2.192183593750000000e+04
2.191646679687500000e+04
2.190594531250000000e+04
2.189027929687500000e+04
2.186948046875000000e+04
2.184356445312500000e+04
2.181255664062500000e+04
2.177648046875000000e+04
2.173537109375000000e+04
2.168926757812500000e+04
2.163821093750000000e+04
2.158225195312500000e+04
2.152144335937500000e+04
2.145584375000000000e+04
2.138551171875000000e+04
2.131051562500000000e+04
2.123092968750000000e+04
2.114682617187500000e+04
2.105828320312500000e+04
2.096538476562500000e+04
2.086822070312500000e+04
2.076687890625000000e+04
2.066144726562500000e+04
2.055202929687500000e+04
2.043872070312500000e+04
2.032162500000000000e+04
2.020084179687500000e+04
2.007648046875000000e+04
1.994864843750000000e+04
1.981745703125000000e+04
1.968301562500000000e+04
1.954543750000000000e+04
1.940483398437500000e+04
1.926132617187500000e+04
1.911502539062500000e+04
1.896604882812500000e+04
1.881451171875000000e+04
1.866053515625000000e+04
1.850423437500000000e+04
1.834572265625000000e+04
1.818511914062500000e+04
1.802254492187500000e+04
1.785810937500000000e+04
1.769192773437500000e+04
1.752411328125000000e+04
1.735478515625000000e+04
1.718405078125000000e+04
1.701201562500000000e+04
1.683879492187500000e+04
1.666449804687500000e+04
1.648922656250000000e+04
1.631308203125000000e+04
1.613617187500000000e+04
1.595859765625000000e+04
1.578045507812500000e+04
1.560183886718750000e+04
1.542284570312500000e+04
1.524357128906250000e+04
1.506410156250000000e+04
1.488452343750000000e+04
1.470492480468750000e+04
1.452539160156250000e+04
1.434600292968750000e+04
1.416683789062500000e+04
1.398796777343750000e+04
1.380946972656250000e+04
1.363142187500000000e+04
1.345388769531250000e+04
1.327692968750000000e+04
1.310061718750000000e+04
1.292501757812500000e+04
1.275018359375000000e+04
1.257617187500000000e+04
1.240303808593750000e+04
1.223084179687500000e+04
1.205962890625000000e+04
1.188944335937500000e+04
1.172033496093750000e+04
1.155235156250000000e+04
1.138553222656250000e+04
1.121991210937500000e+04
1.105553222656250000e+04
1.089243164062500000e+04
1.073064062500000000e+04
1.057018652343750000e+04
1.041110449218750000e+04
1.025342285156250000e+04
1.009716601562500000e+04
9.942354492187500000e+03
9.789013671875000000e+03
9.637167968750000000e+03
9.486832031250000000e+03
9.338021484375000000e+03
9.190757812500000000e+03
9.045050781250000000e+03
8.900916992187500000e+03
8.758363281250000000e+03
8.617405273437500000e+03
8.478046875000000000e+03
8.340299804687500000e+03
8.204166015625000000e+03
8.069655273437500000e+03
7.936766601562500000e+03
7.805507812500000000e+03
7.675877929687500000e+03
7.547875488281250000e+03
7.421502441406250000e+03
7.296760253906250000e+03
7.173644042968750000e+03
7.052149414062500000e+03
6.932273925781250000e+03
6.814015625000000000e+03
6.697366699218750000e+03
6.582319335937500000e+03
6.468868164062500000e+03
6.357008300781250000e+03
6.246729980468750000e+03
6.138021484375000000e+03
6.030878417968750000e+03
5.925287109375000000e+03
5.821241699218750000e+03
5.718726562500000000e+03
5.617734863281250000e+03
5.518251464843750000e+03
5.420268066406250000e+03
5.323768554687500000e+03
5.228744140625000000e+03
5.135177734375000000e+03
5.043060546875000000e+03
4.952376464843750000e+03
4.863108398437500000e+03
4.775249511718750000e+03
4.688782226562500000e+03
4.603691894531250000e+03
4.519960937500000000e+03
4.437581054687500000e+03
4.356533691406250000e+03
4.276804199218750000e+03
4.198375000000000000e+03
4.121235839843750000e+03
4.045369384765625000e+03
3.970760009765625000e+03
3.897392333984375000e+03
3.825248046875000000e+03
3.754317382812500000e+03
3.684582275390625000e+03
3.616027099609375000e+03
3.548633544921875000e+03
3.482391601562500000e+03
3.417283447265625000e+03
3.353293701171875000e+03
3.290404296875000000e+03
3.228604980468750000e+03
3.167878173828125000e+03
3.108208496093750000e+03
3.049578613281250000e+03
2.991978271484375000e+03
2.935390380859375000e+03
2.879799560546875000e+03
2.825189697265625000e+03
2.771549804687500000e+03
2.718863769531250000e+03
2.667116699218750000e+03
2.616292480468750000e+03
2.566380859375000000e+03
2.517366210937500000e+03
2.469233886718750000e+03
2.421968750000000000e+03
2.375560791015625000e+03
2.329994384765625000e+03
2.285256347656250000e+03
2.241331542968750000e+03
2.198210449218750000e+03
2.155878417968750000e+03
