1.470000000000000000e+03
1.500440551757812500e+03
1.531468750000000000e+03
1.563093994140625000e+03
1.595326049804687500e+03
1.628174804687500000e+03
1.661650024414062500e+03
1.695761596679687500e+03
1.730519531250000000e+03
1.765933837890625000e+03
1.802014648437500000e+03
1.838771972656250000e+03
1.876216308593750000e+03
1.914357788085937500e+03
1.953206787109375000e+03
1.992773559570312500e+03
2.033068481445312500e+03
2.074102050781250000e+03
2.115884765625000000e+03
2.158426757812500000e+03
2.201739013671875000e+03
2.245831298828125000e+03
2.290714599609375000e+03
2.336399169921875000e+03
2.382895751953125000e+03
2.430214599609375000e+03
2.478365722656250000e+03
2.527360107421875000e+03
2.577207275390625000e+03
2.627917724609375000e+03
2.679502197265625000e+03
2.731969970703125000e+03
2.785331298828125000e+03
2.839596191406250000e+03
2.894774414062500000e+03
2.950875732421875000e+03
3.007909179687500000e+03
3.065884521484375000e+03
3.124810791015625000e+03
3.184697265625000000e+03
3.245552490234375000e+03
3.307385742187500000e+03
3.370204345703125000e+03
3.434018066406250000e+03
3.498833984375000000e+03
3.564660156250000000e+03
3.631503906250000000e+03
3.699372802734375000e+03
3.768273437500000000e+03
3.838212646484375000e+03
3.909197021484375000e+03
3.981232177734375000e+03
4.054323974609375000e+03
4.128477539062500000e+03
4.203698242187500000e+03
4.279989746093750000e+03
4.357356933593750000e+03
4.435803710937500000e+03
4.515332519531250000e+03
4.595946289062500000e+03
4.677648437500000000e+03
4.760439453125000000e+03
4.844321777343750000e+03
4.929295898437500000e+03
5.015361816406250000e+03
5.102519531250000000e+03
5.190768554687500000e+03
5.280107421875000000e+03
5.370534179687500000e+03
5.462047363281250000e+03
5.554643066406250000e+03
5.648317382812500000e+03
5.743066406250000000e+03
5.838884765625000000e+03
5.935769531250000000e+03
6.033710449218750000e+03
6.132705078125000000e+03
6.232742675781250000e+03
6.333818359375000000e+03
6.435920410156250000e+03
6.539042480468750000e+03
6.643171386718750000e+03
6.748301269531250000e+03
6.854415527343750000e+03
6.961506347656250000e+03
7.069560546875000000e+03
7.178564453125000000e+03
7.288505859375000000e+03
7.399369628906250000e+03
7.511142089843750000e+03
7.623807128906250000e+03
7.737349609375000000e+03
7.851753417968750000e+03
7.967001953125000000e+03
8.083079101562500000e+03
8.199966796875000000e+03
8.317647460937500000e+03
8.436103515625000000e+03
8.555317382812500000e+03
8.675269531250000000e+03
8.795941406250000000e+03
8.917315429687500000e+03
9.039373046875000000e+03
9.162094726562500000e+03
9.285460937500000000e+03
9.409456054687500000e+03
9.534059570312500000e+03
9.659253906250000000e+03
9.785021484375000000e+03
9.911346679687500000e+03
1.003821093750000000e+04
1.016559863281250000e+04
1.029349218750000000e+04
1.042188085937500000e+04
1.055075097656250000e+04
1.068008691406250000e+04
1.080987988281250000e+04
1.094011718750000000e+04
1.107079101562500000e+04
1.120189355468750000e+04
1.133341894531250000e+04
1.146536132812500000e+04
1.159771972656250000e+04
1.173049218750000000e+04
1.186368066406250000e+04
1.199728710937500000e+04
1.213131933593750000e+04
1.226578515625000000e+04
1.240069335937500000e+04
1.253605957031250000e+04
1.267189843750000000e+04
1.280823144531250000e+04
1.294507812500000000e+04
1.308246484375000000e+04
1.322042089843750000e+04
1.335897851562500000e+04
1.349817480468750000e+04
1.363804882812500000e+04
1.377864355468750000e+04
1.392000781250000000e+04
1.406219335937500000e+04
1.420525488281250000e+04
1.434925585937500000e+04
1.449425781250000000e+04
1.464033203125000000e+04
1.478754980468750000e+04
1.493599316406250000e+04
1.508574316406250000e+04
1.523688867187500000e+04
1.538952148437500000e+04
1.554373925781250000e+04
1.569964257812500000e+04
1.585733789062500000e+04
1.601693554687500000e+04
1.617854882812500000e+04
1.634230175781250000e+04
1.650831250000000000e+04
1.667670312500000000e+04
1.684760937500000000e+04
1.702116210937500000e+04
1.719749804687500000e+04
1.737674414062500000e+04
1.755904882812500000e+04
1.774454687500000000e+04
1.793338085937500000e+04
1.812567968750000000e+04
1.832158398437500000e+04
1.852123632812500000e+04
1.872475585937500000e+04
1.893227734375000000e+04
1.914391601562500000e+04
1.935979296875000000e+04
1.958000390625000000e+04
1.980465820312500000e+04
2.003383007812500000e+04
2.026760156250000000e+04
2.050602539062500000e+04
2.074915429687500000e+04
2.099700390625000000e+04
2.124959179687500000e+04
2.150690234375000000e+04
2.176890234375000000e+04
2.203553125000000000e+04
2.230670898437500000e+04
2.258232617187500000e+04
2.286224023437500000e+04
2.314628710937500000e+04
2.343425976562500000e+04
2.372593359375000000e+04
2.402103125000000000e+04
2.431926171875000000e+04
2.462027148437500000e+04
2.492369921875000000e+04
2.522911523437500000e+04
2.553607617187500000e+04
2.584407421875000000e+04
2.615258398437500000e+04
2.646101562500000000e+04
2.676875976562500000e+04
2.707514257812500000e+04
2.737945507812500000e+04
2.768095507812500000e+04
2.797883984375000000e+04
2.827225585937500000e+04
2.856032421875000000e+04
2.884211328125000000e+04
2.911663476562500000e+04
2.938285937500000000e+04
2.963971875000000000e+04
2.988610351562500000e+04
3.012084570312500000e+04
3.034273828125000000e+04
3.055054882812500000e+04
3.074300195312500000e+04
3.091879101562500000e+04
3.107657812500000000e+04
3.121502148437500000e+04
3.133276953125000000e+04
3.142845703125000000e+04
3.150074804687500000e+04
3.154833007812500000e+04
3.156993945312500000e+04
3.156436718750000000e+04
3.153048828125000000e+04
3.146728515625000000e+04
3.137385351562500000e+04
3.124943554687500000e+04
3.109343750000000000e+04
3.090544726562500000e+04
3.068524609375000000e+04
3.043282617187500000e+04
3.014840234375000000e+04
2.983242382812500000e+04
2.948555468750000000e+04
2.910867382812500000e+04
2.870289648437500000e+04
2.826954101562500000e+04
2.781009375000000000e+04
2.732620507812500000e+04
2.681968359375000000e+04
2.629246484375000000e+04
2.574654687500000000e+04
2.518399804687500000e+04
2.460694726562500000e+04
2.401753906250000000e+04
2.341788476562500000e+04
2.281006640625000000e+04
2.219614062500000000e+04
2.157809570312500000e+04
2.095781835937500000e+04
2.033709960937500000e+04
1.971765429687500000e+04
1.910108984375000000e+04
1.848887109375000000e+04
1.788236328125000000e+04
1.728279882812500000e+04
1.669132031250000000e+04
1.610895214843750000e+04
1.553658105468750000e+04
1.497498828125000000e+04
1.442487207031250000e+04
1.388683203125000000e+04
1.336135058593750000e+04
1.284882324218750000e+04
1.234958398437500000e+04
1.186389062500000000e+04
1.139190917968750000e+04
1.093374414062500000e+04
1.048945800781250000e+04
1.005906054687500000e+04
9.642492187500000000e+03
9.239657226562500000e+03
8.850431640625000000e+03
8.474661132812500000e+03
8.112144042968750000e+03
7.762653320312500000e+03
7.425954589843750000e+03
7.101793945312500000e+03
6.789886718750000000e+03
6.489937988281250000e+03
6.201653320312500000e+03
5.924728515625000000e+03
5.658843261718750000e+03
5.403672851562500000e+03
5.158905273437500000e+03
4.924207031250000000e+03
4.699265625000000000e+03
4.483750000000000000e+03
4.277350097656250000e+03
4.079741943359375000e+03
3.890622802734375000e+03
3.709678710937500000e+03
3.536615966796875000e+03
3.371133056640625000e+03
3.212948730468750000e+03
3.061778320312500000e+03
2.917344482421875000e+03
2.779383544921875000e+03
2.647638671875000000e+03
2.521854736328125000e+03
2.401785156250000000e+03
2.287196533203125000e+03
2.177861328125000000e+03
2.073556152343750000e+03
1.974064941406250000e+03
1.879183959960937500e+03
1.788715820312500000e+03
1.702466918945312500e+03
1.620250976562500000e+03
1.541893554687500000e+03
1.467221069335937500e+03
1.396072021484375000e+03
1.328286010742187500e+03
1.263714355468750000e+03
1.202208984375000000e+03
1.143633178710937500e+03
1.087851074218750000e+03
1.034736694335937500e+03
9.841654052734375000e+02
9.360216674804687500e+02
8.901920776367187500e+02
8.465673828125000000e+02
8.050482177734375000e+02
7.655342407226562500e+02
7.279315795898437500e+02
6.921488037109375000e+02
6.581028442382812500e+02
6.257102050781250000e+02
5.948925781250000000e+02
5.655738525390625000e+02
5.376851196289062500e+02
5.111568298339843750e+02
4.859240722656250000e+02
4.619246520996093750e+02
4.390986022949218750e+02
4.173912353515625000e+02
3.967477722167968750e+02
3.771169433593750000e+02
3.584490966796875000e+02
3.406990661621093750e+02
3.238216857910156250e+02
3.077746276855468750e+02
2.925169067382812500e+02
2.780114440917968750e+02
2.642209167480468750e+02
2.511105041503906250e+02
2.386465454101562500e+02
2.267984466552734375e+02
2.155355834960937500e+02
2.048293457031250000e+02
1.946520538330078125e+02
1.849785919189453125e+02
1.757838134765625000e+02
1.670442352294921875e+02
1.587371673583984375e+02
1.508419952392578125e+02
1.433381042480468750e+02
1.362062377929687500e+02
1.294278106689453125e+02
1.229859237670898438e+02
1.168637161254882812e+02
1.110453948974609375e+02
1.055157546997070312e+02
1.002609710693359375e+02
9.526721954345703125e+01
