1.470000000000000000e+03
1.496743530273437500e+03
1.523933593750000000e+03
1.551576171875000000e+03
1.579677612304687500e+03
1.608244018554687500e+03
1.637281616210937500e+03
1.666796752929687500e+03
1.696795776367187500e+03
1.727284790039062500e+03
1.758270263671875000e+03
1.789758422851562500e+03
1.821755737304687500e+03
1.854268432617187500e+03
1.887302978515625000e+03
1.920865844726562500e+03
1.954963378906250000e+03
1.989601806640625000e+03
2.024787597656250000e+03
2.060527099609375000e+03
2.096826660156250000e+03
2.133692626953125000e+03
2.171131591796875000e+03
2.209149414062500000e+03
2.247752685546875000e+03
2.286947509765625000e+03
2.326740478515625000e+03
2.367137451171875000e+03
2.408144531250000000e+03
2.449768066406250000e+03
2.492014160156250000e+03
2.534888671875000000e+03
2.578397705078125000e+03
2.622546875000000000e+03
2.667342285156250000e+03
2.712789794921875000e+03
2.758894531250000000e+03
2.805662597656250000e+03
2.853099365234375000e+03
2.901210449218750000e+03
2.950000976562500000e+03
2.999476318359375000e+03
3.049641113281250000e+03
3.100500976562500000e+03
3.152061035156250000e+03
3.204325683593750000e+03
3.257299316406250000e+03
3.310987060546875000e+03
3.365392822265625000e+03
3.420521484375000000e+03
3.476376708984375000e+03
3.532962402343750000e+03
3.590282714843750000e+03
3.648341308593750000e+03
3.707141357421875000e+03
3.766686523437500000e+03
3.826979492187500000e+03
3.888024169921875000e+03
3.949822509765625000e+03
4.012377685546875000e+03
4.075691650390625000e+03
4.139767578125000000e+03
4.204606933593750000e+03
4.270211425781250000e+03
4.336583496093750000e+03
4.403723632812500000e+03
4.471633789062500000e+03
4.540314941406250000e+03
4.609768554687500000e+03
4.679994628906250000e+03
4.750994140625000000e+03
4.822767089843750000e+03
4.895313964843750000e+03
4.968634277343750000e+03
5.042729003906250000e+03
5.117595703125000000e+03
5.193236816406250000e+03
5.269647460937500000e+03
5.346831054687500000e+03
5.424782714843750000e+03
5.503505371093750000e+03
5.582993164062500000e+03
5.663248535156250000e+03
5.744267089843750000e+03
5.826048828125000000e+03
5.908591308593750000e+03
5.991893066406250000e+03
6.075952148437500000e+03
6.160766113281250000e+03
6.246333496093750000e+03
6.332652343750000000e+03
6.419720703125000000e+03
6.507536621093750000e+03
6.596097656250000000e+03
6.685402832031250000e+03
6.775450195312500000e+03
6.866238769531250000e+03
6.957766601562500000e+03
7.050032714843750000e+03
7.143036621093750000e+03
7.236777832031250000e+03
7.331256347656250000e+03
7.426471679687500000e+03
7.522424804687500000e+03
7.619116699218750000e+03
7.716548828125000000e+03
7.814723632812500000e+03
7.913643554687500000e+03
8.013311523437500000e+03
8.113732421875000000e+03
8.214910156250000000e+03
8.316852539062500000e+03
8.419562500000000000e+03
8.523050781250000000e+03
8.627325195312500000e+03
8.732394531250000000e+03
8.838270507812500000e+03
8.944964843750000000e+03
9.052491210937500000e+03
9.160865234375000000e+03
9.270101562500000000e+03
9.380219726562500000e+03
9.491239257812500000e+03
9.603180664062500000e+03
9.716068359375000000e+03
9.829925781250000000e+03
9.944782226562500000e+03
1.006066699218750000e+04
1.017761132812500000e+04
1.029565039062500000e+04
1.041481933593750000e+04
1.053515917968750000e+04
1.065671191406250000e+04
1.077952246093750000e+04
1.090363769531250000e+04
1.102911132812500000e+04
1.115599609375000000e+04
1.128435156250000000e+04
1.141423828125000000e+04
1.154572167968750000e+04
1.167887011718750000e+04
1.181375683593750000e+04
1.195045898437500000e+04
1.208905859375000000e+04
1.222964062500000000e+04
1.237229394531250000e+04
1.251711718750000000e+04
1.266420800781250000e+04
1.281367089843750000e+04
1.296561621093750000e+04
1.312015917968750000e+04
1.327741992187500000e+04
1.343752343750000000e+04
1.360060156250000000e+04
1.376679003906250000e+04
1.393623632812500000e+04
1.410908593750000000e+04
1.428548828125000000e+04
1.446560839843750000e+04
1.464961523437500000e+04
1.483767773437500000e+04
1.502996777343750000e+04
1.522667578125000000e+04
1.542799023437500000e+04
1.563410351562500000e+04
1.584521289062500000e+04
1.606152246093750000e+04
1.628324902343750000e+04
1.651059570312500000e+04
1.674378906250000000e+04
1.698303710937500000e+04
1.722857226562500000e+04
1.748061132812500000e+04
1.773938671875000000e+04
1.800511718750000000e+04
1.827803125000000000e+04
1.855834179687500000e+04
1.884628320312500000e+04
1.914205078125000000e+04
1.944586718750000000e+04
1.975791601562500000e+04
2.007840039062500000e+04
2.040748046875000000e+04
2.074532617187500000e+04
2.109208789062500000e+04
2.144787695312500000e+04
2.181281250000000000e+04
2.218695312500000000e+04
2.257036718750000000e+04
2.296305078125000000e+04
2.336500781250000000e+04
2.377616406250000000e+04
2.419643750000000000e+04
2.462566601562500000e+04
2.506367187500000000e+04
2.551018945312500000e+04
2.596492773437500000e+04
2.642749218750000000e+04
2.689746679687500000e+04
2.737431835937500000e+04
2.785746875000000000e+04
2.834625585937500000e+04
2.883991015625000000e+04
2.933757226562500000e+04
2.983830468750000000e+04
3.034107031250000000e+04
3.084469921875000000e+04
3.134790820312500000e+04
3.184932421875000000e+04
3.234744531250000000e+04
3.284061718750000000e+04
3.332706640625000000e+04
3.380489062500000000e+04
3.427205078125000000e+04
3.472634765625000000e+04
3.516544140625000000e+04
3.558686718750000000e+04
3.598803125000000000e+04
3.636618359375000000e+04
3.671846484375000000e+04
3.704192968750000000e+04
3.733355859375000000e+04
3.759027734375000000e+04
3.780900390625000000e+04
3.798669140625000000e+04
3.812039453125000000e+04
3.820730859375000000e+04
3.824485156250000000e+04
3.823072656250000000e+04
3.816298437500000000e+04
3.804009375000000000e+04
3.786100390625000000e+04
3.762520312500000000e+04
3.733271484375000000e+04
3.698414843750000000e+04
3.658070703125000000e+04
3.612414843750000000e+04
3.561675000000000000e+04
3.506125781250000000e+04
3.446084765625000000e+04
3.381905078125000000e+04
3.313963671875000000e+04
3.242656445312500000e+04
3.168393359375000000e+04
3.091589257812500000e+04
3.012653710937500000e+04
2.931989257812500000e+04
2.849987890625000000e+04
2.767025781250000000e+04
2.683455859375000000e+04
2.599609375000000000e+04
2.515796679687500000e+04
2.432303906250000000e+04
2.349388476562500000e+04
2.267284765625000000e+04
2.186200390625000000e+04
2.106322851562500000e+04
2.027816210937500000e+04
1.950820312500000000e+04
1.875453906250000000e+04
1.801819726562500000e+04
1.730002734375000000e+04
1.660068945312500000e+04
1.592068945312500000e+04
1.526042578125000000e+04
1.462017382812500000e+04
1.400007031250000000e+04
1.340015332031250000e+04
1.282039746093750000e+04
1.226069824218750000e+04
1.172085839843750000e+04
1.120062304687500000e+04
1.069970703125000000e+04
1.021777832031250000e+04
9.754448242187500000e+03
9.309299804687500000e+03
8.881908203125000000e+03
8.471824218750000000e+03
8.078568847656250000e+03
7.701651367187500000e+03
7.340586914062500000e+03
6.994885253906250000e+03
6.664039062500000000e+03
6.347543457031250000e+03
6.044913085937500000e+03
5.755643554687500000e+03
5.479258789062500000e+03
5.215267578125000000e+03
4.963208496093750000e+03
4.722609375000000000e+03
4.493027343750000000e+03
4.274011718750000000e+03
4.065141601562500000e+03
3.865989990234375000e+03
3.676159423828125000e+03
3.495251708984375000e+03
3.322882812500000000e+03
3.158687011718750000e+03
3.002311035156250000e+03
2.853408203125000000e+03
2.711644042968750000e+03
2.576702392578125000e+03
2.448278564453125000e+03
2.326073974609375000e+03
2.209802978515625000e+03
2.099195068359375000e+03
1.993990722656250000e+03
1.893936645507812500e+03
1.798790649414062500e+03
1.708326049804687500e+03
1.622318603515625000e+03
1.540560668945312500e+03
1.462847045898437500e+03
1.388987548828125000e+03
1.318794555664062500e+03
1.252094848632812500e+03
1.188717163085937500e+03
1.128503295898437500e+03
1.071297119140625000e+03
1.016954833984375000e+03
9.653352661132812500e+02
9.163034667968750000e+02
8.697361450195312500e+02
8.255104980468750000e+02
7.835109863281250000e+02
7.436261596679687500e+02
7.057545776367187500e+02
6.697949218750000000e+02
6.356522827148437500e+02
6.032349853515625000e+02
5.724596557617187500e+02
5.432430419921875000e+02
5.155073852539062500e+02
4.891784973144531250e+02
4.641849975585937500e+02
4.404618225097656250e+02
4.179442443847656250e+02
3.965715942382812500e+02
3.762855224609375000e+02
3.570327758789062500e+02
3.387605590820312500e+02
3.214192810058593750e+02
3.049613037109375000e+02
2.893432617187500000e+02
2.745219726562500000e+02
2.604571228027343750e+02
2.471098327636718750e+02
2.344447479248046875e+02
2.224267272949218750e+02
2.110229034423828125e+02
2.002016448974609375e+02
1.899341735839843750e+02
1.801918945312500000e+02
1.709480895996093750e+02
1.621770172119140625e+02
1.538552703857421875e+02
1.459596405029296875e+02
1.384683532714843750e+02
1.313605194091796875e+02
1.246171264648437500e+02
1.182192993164062500e+02
1.121493759155273438e+02
1.063903808593750000e+02
1.009268798828125000e+02
9.574353790283203125e+01
