1.470000000000000000e+03
1.498466796875000000e+03
1.527436401367187500e+03
1.556915771484375000e+03
1.586912109375000000e+03
1.617432128906250000e+03
1.648482910156250000e+03
1.680071533203125000e+03
1.712205200195312500e+03
1.744890380859375000e+03
1.778134521484375000e+03
1.811944458007812500e+03
1.846327270507812500e+03
1.881289916992187500e+03
1.916839233398437500e+03
1.952982177734375000e+03
1.989725585937500000e+03
2.027076416015625000e+03
2.065041259765625000e+03
2.103626953125000000e+03
2.142840332031250000e+03
2.182687500000000000e+03
2.223175537109375000e+03
2.264310546875000000e+03
2.306099365234375000e+03
2.348547851562500000e+03
2.391662109375000000e+03
2.435448486328125000e+03
2.479912353515625000e+03
2.525060546875000000e+03
2.570897949218750000e+03
2.617430175781250000e+03
2.664662841796875000e+03
2.712601318359375000e+03
2.761250244140625000e+03
2.810614746093750000e+03
2.860699707031250000e+03
2.911509277343750000e+03
2.963047851562500000e+03
3.015319580078125000e+03
3.068328369140625000e+03
3.122077880859375000e+03
3.176570800781250000e+03
3.231811279296875000e+03
3.287802001953125000e+03
3.344544921875000000e+03
3.402042968750000000e+03
3.460297851562500000e+03
3.519311523437500000e+03
3.579085449218750000e+03
3.639620361328125000e+03
3.700917236328125000e+03
3.762976562500000000e+03
3.825798339843750000e+03
3.889382080078125000e+03
3.953727539062500000e+03
4.018833007812500000e+03
4.084697509765625000e+03
4.151319335937500000e+03
4.218696289062500000e+03
4.286825683593750000e+03
4.355704101562500000e+03
4.425328613281250000e+03
4.495695312500000000e+03
4.566799316406250000e+03
4.638636718750000000e+03
4.711202148437500000e+03
4.784489257812500000e+03
4.858493164062500000e+03
4.933206542968750000e+03
5.008622558593750000e+03
5.084734375000000000e+03
5.161533691406250000e+03
5.239012207031250000e+03
5.317162597656250000e+03
5.395973632812500000e+03
5.475438476562500000e+03
5.555543457031250000e+03
5.636282226562500000e+03
5.717641113281250000e+03
5.799611816406250000e+03
5.882179687500000000e+03
5.965335449218750000e+03
6.049064941406250000e+03
6.133357421875000000e+03
6.218199218750000000e+03
6.303578125000000000e+03
6.389479980468750000e+03
6.475891601562500000e+03
6.562799316406250000e+03
6.650188476562500000e+03
6.738045898437500000e+03
6.826357421875000000e+03
6.915109375000000000e+03
7.004286621093750000e+03
7.093875000000000000e+03
7.183861328125000000e+03
7.274230957031250000e+03
7.364969238281250000e+03
7.456063476562500000e+03
7.547499511718750000e+03
7.639265625000000000e+03
7.731347656250000000e+03
7.823733886718750000e+03
7.916412109375000000e+03
8.009372070312500000e+03
8.102602050781250000e+03
8.196092773437500000e+03
8.289833984375000000e+03
8.383819335937500000e+03
8.478040039062500000e+03
8.572490234375000000e+03
8.667164062500000000e+03
8.762058593750000000e+03
8.857170898437500000e+03
8.952499023437500000e+03
9.048042968750000000e+03
9.143805664062500000e+03
9.239789062500000000e+03
9.336000000000000000e+03
9.432444335937500000e+03
9.529130859375000000e+03
9.626071289062500000e+03
9.723280273437500000e+03
9.820772460937500000e+03
9.918566406250000000e+03
1.001668261718750000e+04
1.011514648437500000e+04
1.021398339843750000e+04
1.031322460937500000e+04
1.041290136718750000e+04
1.051305175781250000e+04
1.061371484375000000e+04
1.071493261718750000e+04
1.081675488281250000e+04
1.091923242187500000e+04
1.102241894531250000e+04
1.112637597656250000e+04
1.123116699218750000e+04
1.133686035156250000e+04
1.144353125000000000e+04
1.155125683593750000e+04
1.166012207031250000e+04
1.177021582031250000e+04
1.188163378906250000e+04
1.199447558593750000e+04
1.210885058593750000e+04
1.222487011718750000e+04
1.234265234375000000e+04
1.246232519531250000e+04
1.258402148437500000e+04
1.270788085937500000e+04
1.283405273437500000e+04
1.296268847656250000e+04
1.309395117187500000e+04
1.322801464843750000e+04
1.336505566406250000e+04
1.350525781250000000e+04
1.364881933593750000e+04
1.379594531250000000e+04
1.394684863281250000e+04
1.410174511718750000e+04
1.426087109375000000e+04
1.442446679687500000e+04
1.459278125000000000e+04
1.476606738281250000e+04
1.494459570312500000e+04
1.512864843750000000e+04
1.531850097656250000e+04
1.551445800781250000e+04
1.571681250000000000e+04
1.592588574218750000e+04
1.614198632812500000e+04
1.636545117187500000e+04
1.659660351562500000e+04
1.683578906250000000e+04
1.708334765625000000e+04
1.733963281250000000e+04
1.760498437500000000e+04
1.787976953125000000e+04
1.816432421875000000e+04
1.845901367187500000e+04
1.876416796875000000e+04
1.908013281250000000e+04
1.940725000000000000e+04
1.974582226562500000e+04
2.009616992187500000e+04
2.045856640625000000e+04
2.083329101562500000e+04
2.122057421875000000e+04
2.162063867187500000e+04
2.203364843750000000e+04
2.245975976562500000e+04
2.289905078125000000e+04
2.335158789062500000e+04
2.381733789062500000e+04
2.429625195312500000e+04
2.478817187500000000e+04
2.529290820312500000e+04
2.581013671875000000e+04
2.633948828125000000e+04
2.688048632812500000e+04
2.743253125000000000e+04
2.799490625000000000e+04
2.856679882812500000e+04
2.914725781250000000e+04
2.973516796875000000e+04
3.032926171875000000e+04
3.092813476562500000e+04
3.153021289062500000e+04
3.213370898437500000e+04
3.273665234375000000e+04
3.333689062500000000e+04
3.393207031250000000e+04
3.451958984375000000e+04
3.509663671875000000e+04
3.566020312500000000e+04
3.620705078125000000e+04
3.673372656250000000e+04
3.723656250000000000e+04
3.771174218750000000e+04
3.815529296875000000e+04
3.856313671875000000e+04
3.893112109375000000e+04
3.925508593750000000e+04
3.953098046875000000e+04
3.975488671875000000e+04
3.992312890625000000e+04
4.003237500000000000e+04
4.007973437500000000e+04
4.006283593750000000e+04
3.997991015625000000e+04
3.982988281250000000e+04
3.961237500000000000e+04
3.932776562500000000e+04
3.897718750000000000e+04
3.856248046875000000e+04
3.808616796875000000e+04
3.755136328125000000e+04
3.696172656250000000e+04
3.632135546875000000e+04
3.563466796875000000e+04
3.490630468750000000e+04
3.414108593750000000e+04
3.334388671875000000e+04
3.251953320312500000e+04
3.167274609375000000e+04
3.080813671875000000e+04
2.993011328125000000e+04
2.904281445312500000e+04
2.815011718750000000e+04
2.725565234375000000e+04
2.636276367187500000e+04
2.547445507812500000e+04
2.459346679687500000e+04
2.372222265625000000e+04
2.286291015625000000e+04
2.201745117187500000e+04
2.118747656250000000e+04
2.037438281250000000e+04
1.957938476562500000e+04
1.880348632812500000e+04
1.804747265625000000e+04
1.731196093750000000e+04
1.659743945312500000e+04
1.590425683593750000e+04
1.523260546875000000e+04
1.458256542968750000e+04
1.395414257812500000e+04
1.334725488281250000e+04
1.276171484375000000e+04
1.219727050781250000e+04
1.165363281250000000e+04
1.113046093750000000e+04
1.062735156250000000e+04
1.014386621093750000e+04
9.679557617187500000e+03
9.233950195312500000e+03
8.806536132812500000e+03
8.396791015625000000e+03
8.004200195312500000e+03
7.628238769531250000e+03
7.268363281250000000e+03
6.924032714843750000e+03
6.594726562500000000e+03
6.279901855468750000e+03
5.979047363281250000e+03
5.691634277343750000e+03
5.417166015625000000e+03
5.155133789062500000e+03
4.905060058593750000e+03
4.666458496093750000e+03
4.438874511718750000e+03
4.221848144531250000e+03
4.014948242187500000e+03
3.817745361328125000e+03
3.629823486328125000e+03
3.450788085937500000e+03
3.280255859375000000e+03
3.117852050781250000e+03
2.963214111328125000e+03
2.815999511718750000e+03
2.675878173828125000e+03
2.542526855468750000e+03
2.415635009765625000e+03
2.294909423828125000e+03
2.180068603515625000e+03
2.070837890625000000e+03
1.966954101562500000e+03
1.868171142578125000e+03
1.774245483398437500e+03
1.684951416015625000e+03
1.600065795898437500e+03
1.519382202148437500e+03
1.442696899414062500e+03
1.369821166992187500e+03
1.300568725585937500e+03
1.234767333984375000e+03
1.172247680664062500e+03
1.112852661132812500e+03
1.056428833007812500e+03
1.002829223632812500e+03
9.519198608398437500e+02
9.035665283203125000e+02
8.576436767578125000e+02
8.140299072265625000e+02
7.726145629882812500e+02
7.332872924804687500e+02
6.959445190429687500e+02
6.604863891601562500e+02
6.268219604492187500e+02
5.948605957031250000e+02
5.645172729492187500e+02
5.357112426757812500e+02
5.083645324707031250e+02
4.824062194824218750e+02
4.577655639648437500e+02
4.343764343261718750e+02
4.121751098632812500e+02
3.911035156250000000e+02
3.711039733886718750e+02
3.521223754882812500e+02
3.341066894531250000e+02
3.170094909667968750e+02
3.007837219238281250e+02
2.853852539062500000e+02
2.707716674804687500e+02
2.569042968750000000e+02
2.437447967529296875e+02
2.312572631835937500e+02
2.194070739746093750e+02
2.081628112792968750e+02
1.974932403564453125e+02
1.873691101074218750e+02
1.777623138427734375e+02
1.686472778320312500e+02
1.599985656738281250e+02
1.517924346923828125e+02
1.440060119628906250e+02
1.366185150146484375e+02
1.296092987060546875e+02
1.229590454101562500e+02
1.166492004394531250e+02
1.106628646850585938e+02
1.049832763671875000e+02
