0.36492471 0.40189231 0.09665601 0.43433616 0.22060768 0.37753598 10.85329881 12.18556512
0.69204375 0.93147206 0.96994516 0.58852835 0.72609023 0.94368472 8.61052640 13.19835786
0.96123973 0.04658196 0.47843206 0.13234287 0.87536040 0.74466853 11.99513759 14.22987808
0.10280976 0.51358523 0.60367821 0.84558609 0.38109091 0.18582106 9.64106805 10.62456437
0.21160984 0.24961364 0.81300045 0.88170510 0.26513905 0.26997679 11.64270449 14.01590300
0.85324688 0.71655584 0.19068798 0.09445193 0.75965244 0.82883180 9.39993182 10.40568153
0.61456931 0.32385327 0.69879490 0.68516467 0.60763592 0.60585931 10.05443963 11.39201429
0.44174344 0.85349402 0.32061918 0.33983798 0.10190899 0.03971817 7.70036983 12.41000464
0.38344342 0.07639512 0.68343466 0.01665314 0.62797850 0.19647124 11.39845318 13.65923645
0.55632271 0.60583832 0.30477449 0.99160849 0.13030248 0.63855840 9.07303408 10.06980827
0.78639430 0.49414063 0.79762877 0.29130543 0.47139089 0.92308587 10.30712432 11.67451074
0.14482594 0.96128237 0.17482422 0.69939533 0.97347455 0.49017681 8.01883418 12.67620559
0.03684984 0.29117431 0.40007282 0.54206336 0.85685226 0.09352021 10.60455027 11.89185985
0.89521113 0.75825498 0.52580342 0.45064965 0.35452422 0.52642155 8.27913143 12.88946798
0.63315628 0.15436982 0.01830822 0.76594861 0.01252051 0.78888480 12.25231951 14.44941325
0.30598382 0.68387403 0.89208944 0.24042283 0.51044043 0.34678998 9.96402964 10.86378193
0.25270845 0.16001468 0.27799808 0.63004782 0.42637653 0.53497442 8.79297608 14.31386312
0.65716061 0.13372492 0.00617675 0.28928960 0.02566459 0.80515739 12.26609117 14.46234797
0.65875112 0.62316595 0.00000000 0.77131344 0.00000000 0.81245081 12.27626938 14.47225245
0.89430967 1.00000000 0.00000000 0.77315971 0.00000000 0.92200826 12.28977020 14.58806524
0.48687124 1.00000000 0.00000000 0.77185937 0.30144786 0.70066533 12.28977020 14.34974175
0.43260761 1.00000000 0.00000000 0.77330229 0.00000000 0.62418913 12.28977020 14.28724131
0.65373351 0.00000000 0.00000000 0.76756747 0.00420068 1.00000000 11.80730763 14.59235530
0.69671699 0.00000000 0.00000000 0.49515754 0.01869178 1.00000000 11.62956434 14.59235530
0.71218691 0.00000000 0.00000000 0.73356314 0.22803705 1.00000000 11.57175692 14.59235530
0.24629998 0.15334800 0.27398116 0.72666217 0.11640813 0.53493437 8.80152302 14.32924031
0.24594137 0.15288059 0.27365086 0.72448768 0.13820699 0.53479473 8.80170812 14.33012153
0.24569811 0.15261506 0.27343031 0.72452908 0.15558142 0.53473804 8.80193794 14.33072615
0.24555353 0.15250079 0.27333220 0.72695714 0.15979460 0.53477972 8.80301943 14.33112764
0.24697040 0.15358695 0.27419739 0.69279552 0.14901802 0.53421163 8.78890544 14.32710111
0.24759798 0.15411507 0.27467158 0.67165265 0.13156037 0.53409812 8.78287146 14.32541692
0.24738364 0.15387750 0.27477691 0.63990070 0.10416926 0.53440161 8.78385000 14.32628345
0.24535166 0.15179117 0.27387299 0.60726777 0.07855996 0.53529719 8.80697163 14.33258143
0.24388348 0.15022395 0.27310726 0.59554228 0.07492786 0.53575090 8.82516318 14.33699424
0.24534588 0.15182965 0.27387809 0.59703371 0.07477625 0.53532052 8.80723609 14.33261973
0.24471266 0.15053363 0.27362750 0.61912958 0.09553374 0.53539579 8.82119959 14.33498015
0.24307896 0.15016488 0.27233465 0.60118961 0.06628981 0.53562939 8.82430672 14.33877086
0.24430141 0.15014703 0.27378930 0.59777834 0.06303702 0.53574708 8.79986542 14.33929483
0.24661077 0.14245135 0.28128126 0.60906818 0.06764964 0.53861719 8.70619787 14.36797234
0.24693555 0.14065890 0.28294797 0.61158576 0.07249350 0.53928388 8.68645079 14.38002699
0.24829894 0.14337186 0.28236305 0.61171308 0.06924424 0.53880811 8.65875976 14.37057297
0.25044012 0.15371508 0.27545106 0.62103451 0.06819049 0.53787498 8.52576713 14.35921954
0.24815073 0.15642232 0.25225970 0.62303719 0.07939205 0.53645424 8.59112977 14.35405945
0.25145081 0.16128383 0.31114587 0.62349814 0.06308706 0.53780959 8.38981919 14.33947805
0.24521720 0.16541516 0.33358607 0.62211809 0.06127891 0.53766992 8.32620899 14.33204608
0.23168008 0.15485489 0.34108415 0.61355364 0.06806534 0.53843775 8.42097204 14.32221866
0.24070144 0.17801949 0.36798225 0.61596630 0.05500553 0.53662909 8.18708182 14.32459023
0.23595300 0.17681410 0.38805406 0.61037652 0.05263334 0.53661531 8.19505113 14.31708786
0.23476652 0.17910681 0.42785527 0.59836696 0.04192804 0.53602678 8.19121365 14.31439646
0.23755044 0.17853578 0.43995724 0.59267514 0.03550053 0.53541886 8.19968889 14.29842364
0.23751728 0.17818951 0.45813692 0.59505200 0.04008255 0.53615931 8.21988269 14.33821028
0.23742116 0.19413771 0.44547365 0.59590066 0.04090742 0.53697184 8.23174574 14.32513141
0.23573130 0.12273198 0.46153039 0.59391609 0.04081400 0.53243826 8.20892600 14.32216267
0.23502623 0.11844060 0.45990377 0.59368633 0.04132190 0.52401418 8.22617260 14.32301674
0.23469745 0.11538111 0.51082831 0.58947879 0.03897057 0.51999878 8.23483852 14.37024880
0.23140736 0.08136958 0.59115904 0.58039923 0.03737741 0.51237473 8.24847508 14.43374565
0.22906062 0.08073614 0.55099350 0.58299753 0.03939859 0.51202609 8.24507213 14.37894566
0.22493766 0.05346202 0.58388894 0.57531391 0.03457126 0.50430261 8.23276533 14.37128639
0.22363725 0.01624678 0.62804020 0.56228379 0.02505977 0.49418425 8.23222765 14.34657853
0.22375459 0.04860308 0.61706955 0.56842485 0.02813743 0.49565369 8.18719413 14.35253584
0.22412085 0.01154984 0.62291178 0.56962997 0.02926560 0.50133191 8.20013926 14.35618090
0.22635613 0.00000000 0.65959874 0.57818900 0.02860557 0.50862697 8.06464993 14.35707422
0.23016241 0.00000000 0.71830207 0.58520154 0.02552990 0.51498660 7.89271386 14.36011806
0.23321772 0.00000000 0.69474713 0.58652689 0.02640635 0.51846206 7.95113225 14.35242348
0.23613712 0.00000000 0.67066380 0.59150169 0.02433002 0.54036097 7.88212737 14.32891772
0.23590472 0.00000000 0.68493780 0.58987209 0.02291893 0.55934039 7.89075341 14.32494672
0.23310344 0.00000000 0.70705196 0.58261074 0.01892656 0.59339850 7.88665397 14.33373745
