0.07721773 0.52263351 0.98453664 0.91874171 0.67670388 0.34970039 9.59087550 14.58497490
0.53377296 0.11029959 0.20889506 0.05648314 0.00212224 0.55622211 12.13481064 11.67189463
0.76440498 0.77515089 0.66367613 0.71196895 0.47931217 0.89391916 7.82083809 10.62246588
0.34695203 0.37316315 0.37729071 0.32428916 0.83989439 0.20005075 10.43748208 12.31459973
0.45988216 0.96056183 0.11534422 0.43650534 0.99688401 0.37709856 8.70895869 10.45621178
0.93302947 0.42213001 0.83190158 0.54287467 0.32233667 0.71644423 10.67831879 13.29962881
0.64767976 0.71234748 0.28288321 0.19848445 0.15911189 0.86663174 9.24257339 13.56395586
0.24486577 0.18621354 0.50432937 0.84193261 0.51972848 0.03996227 11.28249939 11.80217633
0.15461309 0.82376109 0.35050333 0.56329875 0.10342053 0.14489571 8.37239300 10.22307020
0.73811984 0.29330197 0.56558445 0.45879156 0.71799701 0.94907420 11.00588397 13.13842547
0.96826507 0.56776472 0.04819752 0.80184031 0.80446627 0.59481755 8.98550330 13.76223291
0.42385739 0.03391744 0.77011289 0.15628706 0.37608159 0.31110495 11.54856889 12.07246191
0.25749049 0.63595866 0.71959228 0.08093457 0.28305780 0.10979579 9.82881929 14.17134221
0.85368676 0.23135334 0.44249734 0.94529947 0.89747785 0.79679822 11.88787622 11.33027039
0.56882313 0.88069398 0.92912347 0.28822424 0.62497313 0.63002822 8.14055217 10.92926955
0.04296435 0.47074880 0.14324542 0.67404304 0.19643207 0.46351456 10.12675972 12.69334158
0.00637321 0.93459431 0.60902088 0.23914504 0.84629771 0.75093646 12.26432834 11.08305990
0.03815813 0.47191078 0.13909481 0.67877105 0.18816456 0.46599786 10.12181015 12.69679593
0.00000000 0.48176396 0.10360360 0.71901863 0.12131899 0.48708538 10.07964052 12.72619424
0.00000000 0.48789611 0.08057254 0.74475496 0.08400725 0.50035604 10.05275445 12.74503439
0.08385216 0.49185590 0.04846539 0.78235745 0.03874752 0.51266985 10.01211673 12.76769635
0.15590664 0.49008490 0.01908968 0.81744772 0.00540804 0.51730082 9.97334297 12.78555771
0.20277717 0.48823919 0.01778682 0.82872152 0.00904122 0.51109928 9.95466515 12.77752445
0.18179839 0.48899178 0.02615409 0.82848466 0.01616402 0.49956412 9.95426070 12.73769432
0.19503239 0.48683404 0.02653099 0.81644929 0.03696594 0.50459055 9.96284097 12.81309339
0.29437123 0.48452361 0.01584401 0.82762778 0.00000000 0.50453819 9.95010857 12.82202153
0.41728380 0.48043188 0.02893048 0.81371169 0.00000000 0.48705191 9.95781818 12.87963897
0.45349045 0.48020488 0.02548618 0.81315745 0.00000000 0.49087412 9.96216838 12.89503099
0.53825140 0.48286872 0.00000000 0.81724150 0.00000000 0.52309879 9.99544462 12.93923728
0.56316537 0.48596456 0.00000000 0.82378790 0.00000000 0.55529868 10.02977579 12.96621838
0.56706244 0.48457773 0.00000000 0.81477978 0.00000000 0.53593178 10.01792190 12.95757248
0.56119648 0.48380054 0.00000000 0.84696539 0.00000000 0.55877481 10.00105841 12.95615485
0.48336732 0.48851936 0.00000000 0.78371035 0.00000000 0.54755519 10.05141338 12.95998807
0.43849747 0.49095763 0.00000000 0.72218805 0.00000000 0.55396837 10.07058559 12.97356316
0.38674041 0.49035266 0.00000000 0.62917523 0.00000000 0.60779588 10.04644728 13.02276993
0.34499703 0.48659929 0.00000000 0.57840945 0.00000000 0.64844183 10.01126686 13.06201904
0.25751279 0.47479201 0.00000000 0.51703899 0.00000000 0.71049658 9.95140498 13.13587191
0.16724297 0.45746801 0.00000000 0.46075405 0.00000000 0.76708155 9.89893041 13.21895768
0.11251719 0.43690863 0.00000000 0.38661945 0.00000000 0.81782202 9.86411209 13.30519579
0.03858356 0.42323600 0.00000000 0.34672825 0.00000000 0.85321142 9.84529603 13.37303562
0.02049138 0.41628985 0.00000000 0.31309337 0.00000000 0.86182364 9.83795663 13.43534898
0.00000000 0.41305116 0.00000000 0.30527531 0.00000000 0.88758671 9.83230824 13.45106736
0.00000000 0.42456120 0.00586861 0.29297907 0.00000000 0.91445486 9.83211486 13.53458485
0.00000000 0.42401270 0.00000000 0.21101062 0.00000000 0.93485182 9.83162779 13.42460615
0.07893094 0.47585912 0.01374131 0.31889229 0.00000000 0.92501850 9.83660305 13.58942371
0.13126998 0.41632831 0.02377168 0.33050259 0.00000000 0.93143085 9.83120935 13.49291261
0.00000000 0.41833879 0.05439263 0.29788058 0.00147535 0.91557614 9.84045189 13.59299570
0.00000000 0.42322886 0.08782461 0.29454611 0.00133913 0.88913870 9.83978132 13.61079564
0.00000000 0.40531945 0.06750776 0.29264845 0.00402581 0.91642026 9.85362736 13.62909312
0.00000000 0.37792905 0.08734383 0.28986822 0.01519383 0.91299777 9.90835499 13.64147109
0.00000000 0.37991471 0.10590570 0.28154776 0.01102856 0.89954232 9.83295290 13.71094950
0.00000000 0.39484361 0.09153007 0.28810106 0.01494263 0.90725284 9.83374326 13.65331309
0.00000000 0.32964814 0.13568290 0.27235220 0.00000000 0.90329861 9.83135683 13.74151177
0.00000000 0.26325733 0.18730877 0.26792183 0.00000000 0.92242687 9.82554537 13.71602773
0.00000000 0.22411060 0.22445493 0.26628927 0.00000000 0.92366402 9.81736388 13.76496194
0.00257956 0.14105683 0.30955299 0.24885454 0.00000000 0.91584614 9.79410785 13.91088891
0.00000000 0.18636483 0.24968293 0.26053719 0.00000000 0.93569221 9.81406196 13.77880625
0.00000000 0.22360268 0.24634924 0.26006393 0.00000000 0.92019500 9.81482905 13.79492340
0.03710026 0.10095969 0.20820904 0.28097856 0.00225577 0.89560136 9.78922452 13.71917044
0.02282216 0.19248517 0.20420889 0.27267207 0.00190648 0.92594477 9.81575611 13.76887912
0.00000000 0.05158539 0.21913756 0.26450614 0.00200260 0.83539041 9.74705690 13.66821125
0.00000000 0.08651549 0.21664836 0.26661264 0.00302618 0.92713954 9.79446325 13.68908737
0.00000000 0.12982021 0.24855476 0.27691318 0.00536133 0.83146350 9.76490166 13.70351885
0.00000000 0.13762150 0.24721436 0.27233872 0.00000000 0.76075122 9.73737584 13.73392543
0.00000000 0.12471881 0.26576219 0.27354861 0.00000000 0.75990241 9.73868703 13.71220166
0.00000000 0.05126095 0.32231373 0.26701316 0.00000000 0.72667007 9.72839944 13.69208034
0.00000000 0.00172301 0.36339077 0.26406132 0.00000000 0.67087052 9.72636636 13.71013664
