0.71110360 0.47733832 0.78035120 0.10821390 0.89762016 0.17133493 12.27880375 13.88849952
0.08642571 0.83103826 0.14193750 0.61658138 0.28177604 0.98925126 9.84017086 10.04349299
0.31115222 0.05810763 0.66438288 0.49233922 0.02005971 0.66706156 10.40263042 11.81900058
0.93632033 0.62664893 0.28722975 0.97025016 0.65934300 0.48497779 8.25406943 13.40806113
0.80552814 0.22603779 0.08074014 0.79303241 0.54862520 0.11756657 10.65090401 11.53280940
0.43020701 0.59108976 0.96570578 0.30248338 0.13126597 0.78509316 8.48211643 12.54313403
0.21719892 0.30101591 0.47452576 0.68259016 0.42423242 0.62110563 11.36549033 14.17640979
0.59202989 0.88872269 0.60512697 0.15950939 0.75565200 0.28863225 8.91112810 10.90677065
0.51996993 0.11482214 0.42326316 0.33395192 0.36376539 0.42102462 11.00482752 11.29224304
0.14467834 0.70277116 0.56167442 0.82456198 0.94127921 0.73894204 8.55047201 12.63957925
0.48709020 0.41293381 0.00602901 0.19054854 0.74205732 0.91724134 11.44272840 14.40397668
0.86189157 0.77823183 0.88317887 0.71356826 0.06297886 0.23515885 9.27394727 10.82318491
0.98878926 0.36931987 0.74689507 0.52261475 0.20567932 0.36737111 11.76954552 13.54400469
0.36407986 0.93761512 0.36193271 0.01418624 0.59886839 0.53489701 9.62097780 10.53183007
0.01776149 0.16542453 0.82381275 0.87670910 0.82934064 0.87140039 10.19289517 12.15850608
0.64296103 0.51888224 0.19321399 0.39885921 0.47521574 0.03892627 7.75425583 12.92485336
0.66201059 0.14100633 0.51913114 0.62987430 0.64914333 0.52089294 9.93960306 12.06858764
0.19960379 0.23952929 0.47513473 0.69536516 0.42270214 0.62551381 11.35408899 14.18536981
0.18483530 0.21924600 0.47386721 0.70472807 0.42220499 0.62975059 11.34452298 14.19402234
0.16733231 0.18887838 0.48525234 0.67894381 0.42122396 0.61229342 11.37078010 14.16492124
0.18107914 0.23429329 0.44643078 0.74147330 0.42390639 0.66410264 11.31426066 14.23004014
0.17463972 0.22670210 0.47523591 0.76363473 0.42061215 0.68122098 11.27530553 14.26468102
0.18291782 0.21434266 0.54923500 0.78933212 0.41592446 0.68513373 11.23692071 14.29794828
0.16711876 0.23270461 0.42591623 0.76294760 0.41060047 0.70164792 11.21687426 14.30752143
0.17176643 0.24225233 0.37339078 0.68553462 0.39104878 0.69532503 11.17674438 14.34730489
0.16585806 0.23703306 0.34796525 0.67190190 0.38098052 0.70142209 11.15443002 14.37395442
0.16402953 0.23648624 0.31191588 0.65980785 0.37196178 0.71570798 11.11133390 14.41157153
0.16329033 0.24059862 0.27343763 0.65942040 0.36877525 0.73763471 11.06728138 14.44946693
0.16153557 0.24971490 0.22597785 0.66122156 0.36986321 0.77356364 11.00498432 14.49893267
0.15073005 0.25553634 0.17479831 0.66267848 0.37077655 0.81242537 10.93909467 14.55050454
0.13699384 0.26085092 0.12482398 0.64698846 0.37099986 0.84614804 10.88150583 14.59235530
0.12471537 0.26064423 0.07908855 0.63953408 0.36927262 0.87174471 10.83032538 14.59235530
0.11345345 0.25447534 0.01171950 0.63532687 0.36436463 0.90399242 10.75489781 14.55259365
0.10281329 0.24332582 0.00000000 0.63513192 0.35702005 0.93211138 10.67971921 14.51025831
0.09249505 0.22717155 0.00436959 0.62620342 0.34667133 0.96338464 10.59480378 14.46775159
0.07881529 0.21324023 0.00000000 0.62057277 0.33771853 0.98212603 10.54077007 14.44496166
0.01318813 0.18813773 0.00000000 0.58202172 0.32134268 1.00000000 10.46265840 14.41662108
0.01184553 0.19144112 0.00000000 0.52896429 0.32276544 0.99451820 10.47543957 14.42740099
0.00826492 0.19105241 0.00000000 0.61066105 0.32931578 1.00000000 10.43402001 14.41732857
0.01578497 0.18576232 0.00000000 0.59028842 0.30623649 1.00000000 10.48220039 14.41336365
0.01327712 0.17551043 0.00000000 0.57879293 0.30183413 1.00000000 10.47884549 14.40222697
0.00391036 0.10783623 0.00000000 0.56049881 0.28691456 1.00000000 10.42856268 14.32261191
0.00754053 0.11907649 0.00000000 0.56043560 0.28938492 1.00000000 10.43575182 14.34208705
0.02001628 0.10686671 0.00000000 0.56370858 0.28527753 1.00000000 10.40259990 14.38446111
0.05209888 0.05315684 0.00000000 0.56698652 0.26866293 1.00000000 10.27996939 14.49040866
0.08268161 0.01008085 0.00000000 0.56681448 0.24996376 1.00000000 10.16343107 14.59235530
0.11029750 0.00000000 0.00000000 0.56627595 0.22642105 1.00000000 10.04203642 14.59235530
0.12076941 0.00000000 0.00000000 0.56849036 0.21179669 1.00000000 9.99972837 14.59235530
0.15853837 0.00562526 0.00444142 0.54158337 0.19181696 1.00000000 9.99313356 14.57660934
0.11641042 0.00157611 0.00066729 0.54748542 0.21194741 1.00000000 9.98072323 14.58236564
0.15398632 0.00000000 0.00315176 0.59098105 0.21043804 1.00000000 9.99478241 14.58994736
0.12653334 0.00000000 0.00474354 0.57756910 0.20573525 1.00000000 9.95287438 14.59005862
0.12649393 0.00000000 0.03040127 0.58146551 0.20144747 1.00000000 9.75615294 14.57843207
0.12241773 0.00000000 0.04630277 0.58890632 0.19849297 1.00000000 9.65128335 14.57803444
0.12363564 0.00000000 0.09196413 0.58554238 0.19164175 1.00000000 9.41890619 14.59235530
0.11678314 0.00000000 0.10855073 0.59274447 0.19472907 1.00000000 9.35394080 14.54135727
0.11836922 0.00000000 0.10862617 0.58622932 0.18572905 1.00000000 9.38136754 14.51872802
0.12043364 0.00000000 0.09158407 0.59093827 0.19093123 1.00000000 9.37149646 14.52658563
0.10956454 0.00000000 0.13072527 0.58142124 0.19360961 1.00000000 9.40591305 14.57089284
0.13245897 0.00000000 0.16756085 0.59471762 0.18386600 1.00000000 9.32823307 14.59235530
0.12924133 0.00000000 0.16632951 0.59421999 0.18257552 1.00000000 9.30273689 14.59235530
0.11608753 0.00000000 0.20193951 0.59049072 0.16954986 0.99861693 8.81826602 14.59235530
0.10505806 0.00000000 0.35049574 0.59669277 0.16066016 0.99516829 8.59232561 14.59235530
0.10561949 0.00000000 0.38579067 0.58531848 0.15603710 0.99150358 8.37832848 14.59235530
0.10458736 0.00000000 0.39281500 0.58176530 0.15855631 0.99294905 8.58570506 14.59235530
0.11551591 0.00000000 0.37106169 0.60856514 0.16844133 0.99512548 8.44989669 14.59235530
0.12053072 0.00000000 0.36945470 0.63217186 0.16747482 0.99499621 8.30194895 14.59235530
