0.93174162 0.23767477 0.21497122 0.40632427 0.61157698 0.91039021 8.12566778 13.78838570
0.08844007 0.96505776 0.89938289 0.50278535 0.48441365 0.16510993 11.94476185 10.79589506
0.41698294 0.37679652 0.49311940 0.04471094 0.09949008 0.42047162 9.87987568 12.08723811
0.57272295 0.67047089 0.68372710 0.88965566 0.97624075 0.65991154 10.24563574 12.48819408
0.72745990 0.32122793 0.84544404 0.83634074 0.86480242 0.86924998 8.99950176 11.15606152
0.25818370 0.60128356 0.03653972 0.24475439 0.24196568 0.11640711 11.09004082 13.42758670
0.24223646 0.05697645 0.56778416 0.70868862 0.34588340 0.36005360 8.46855193 14.14328367
0.77395112 0.77051188 0.25170725 0.36668077 0.71913290 0.62267359 11.70980286 10.43151623
0.86092561 0.49552146 0.52382963 0.14001198 0.42394252 0.74920917 9.34092630 11.50591693
0.14170852 0.70721774 0.34051689 0.79451795 0.54720641 0.48644815 10.71166175 13.07840459
0.34515980 0.13463609 0.80928009 0.25245858 0.91185181 0.23986044 8.81110037 14.36963476
0.62693739 0.91262464 0.11757405 0.65654686 0.03902970 0.99286746 11.33254741 10.20561669
0.53457351 0.06338120 0.41209299 0.61635399 0.17755897 0.53229260 7.92854770 13.58226972
0.44133492 0.85912361 0.71989838 0.45891121 0.80429495 0.29320732 12.17913071 11.00156008
0.05029617 0.29913690 0.12615425 0.99511070 0.65864377 0.04270945 9.68163198 11.71714375
0.95609532 0.52835811 0.94332949 0.08614774 0.28146599 0.78767300 10.47888070 12.85761566
0.96939791 0.26611363 0.36484633 0.73391935 0.93897192 0.25686507 11.73410002 11.94358244
0.23905289 0.05585767 0.56675662 0.71290815 0.34139030 0.35962706 8.46792651 14.14371317
0.23027072 0.05289309 0.56426694 0.72348912 0.33815258 0.35850763 8.46661374 14.14495175
0.22051103 0.04946860 0.56139532 0.72954798 0.32926387 0.35723510 8.46509584 14.14634905
0.21043988 0.04394119 0.55687552 0.73914918 0.31747336 0.35525255 8.46274731 14.14851309
0.20348753 0.03041338 0.54951233 0.75165731 0.30583040 0.35204913 8.45917745 14.15207686
0.19017583 0.02920087 0.54209004 0.76622187 0.29140993 0.34884890 8.45568319 14.15565971
0.14016384 0.70985228 0.34392140 0.69423642 0.74445054 0.49386217 10.70090361 13.07762091
0.14248597 0.71090909 0.34852262 0.96928381 0.43744869 0.49699350 10.69750842 13.07356787
0.17798246 0.02757729 0.53198118 0.77549170 0.27761739 0.34434923 8.45095450 14.16075788
0.14175614 0.71285933 0.35093749 1.00000000 0.24397331 0.50985121 10.68089728 13.06316019
0.16153403 0.02442016 0.51357291 0.78331800 0.26463991 0.33739920 8.44402174 14.16869552
0.15895338 0.02305989 0.51919789 0.78496739 0.26938471 0.33574243 8.44267297 14.17051916
0.17388181 0.03471330 0.49775576 0.77715682 0.24703177 0.34285034 8.44898719 14.16263718
0.18892588 0.06403424 0.51613607 0.78117129 0.21545340 0.33601541 8.44576599 14.17132923
0.18174283 0.06109066 0.47680413 0.77866358 0.22026643 0.33421812 8.44478376 14.24681813
0.18455373 0.06446630 0.44804574 0.77635501 0.22210292 0.36942533 8.44782105 14.27254496
0.18777672 0.07462116 0.41769987 0.77694823 0.22038320 0.39658224 8.38125441 14.30525845
0.19973509 0.08137740 0.38654933 0.77733080 0.23778275 0.41912379 8.35489813 14.32749007
0.20680342 0.08709520 0.37550393 0.78522122 0.24269371 0.41491419 8.35117797 14.33812652
0.20218799 0.08718072 0.37625375 0.78440530 0.23666889 0.40764232 8.33930502 14.34313560
0.19566061 0.08457625 0.33915481 0.77849236 0.23780188 0.39804098 8.26198827 14.39563414
0.18654652 0.07403238 0.29441608 0.76775990 0.24239804 0.39398787 8.19728902 14.45196652
0.17478758 0.05951604 0.24067914 0.75763326 0.24048267 0.38765485 8.14124015 14.51518493
0.16331443 0.04147247 0.18026920 0.74475123 0.24495170 0.39439582 8.09136456 14.58373585
0.15821853 0.03572069 0.20078812 0.74995539 0.24568908 0.39187176 8.08023710 14.59235530
0.14809862 0.02048635 0.22079167 0.74363741 0.26914753 0.39635317 8.05220229 14.59235530
0.18073215 0.03305405 0.24277863 0.72955552 0.22575291 0.39711529 8.06653861 14.59235530
0.18604555 0.03785656 0.18625701 0.75573107 0.23482140 0.38989689 8.07691765 14.59235530
0.17597416 0.03294129 0.19701035 0.75963731 0.23892284 0.39234098 8.06496085 14.59235530
0.17462723 0.03085431 0.19599185 0.76025713 0.23874286 0.40913018 8.05051967 14.59235530
0.17387026 0.02995760 0.19979648 0.75831793 0.23809386 0.46025300 8.03068358 14.59235530
0.17376854 0.02866470 0.20191610 0.75776390 0.23800859 0.43597266 8.03495411 14.59235530
0.17831475 0.05139466 0.18386348 0.76083005 0.23781957 0.46126915 8.07054277 14.59235530
0.17257222 0.01598677 0.17899143 0.75924051 0.23721831 0.45327464 8.02009744 14.59235530
0.17518879 0.00000000 0.17669509 0.76088025 0.23876993 0.47964104 8.02441190 14.59235530
0.17063871 0.00000000 0.17723513 0.75991616 0.23738583 0.46347416 7.94688128 14.59235530
0.17107958 0.01612341 0.18032767 0.76747790 0.24023086 0.45239753 7.88140763 14.59235530
0.17164235 0.04253994 0.17567414 0.77723828 0.24085120 0.44382215 7.75199279 14.59235530
0.17600050 0.07045905 0.18847821 0.78357840 0.24174046 0.43889168 7.68460002 14.59115820
0.18489676 0.09122289 0.17909269 0.79142298 0.24058897 0.43467992 7.68460002 14.59235530
0.16384994 0.09396914 0.19735340 0.77419321 0.24108233 0.42794546 7.68460002 14.59235530
0.16528137 0.06446000 0.20469579 0.77503431 0.24155955 0.38211331 7.68460002 14.59235530
0.16477534 0.03338801 0.21798614 0.77425875 0.24194865 0.30816065 7.68460002 14.59235530
0.16245629 0.01250537 0.23435433 0.77303937 0.24336730 0.24146980 7.68460002 14.59235530
0.15132417 0.00000000 0.25226051 0.76636283 0.24583691 0.19202723 7.68460002 14.59235530
0.13309791 0.00000000 0.27073002 0.75318959 0.24699608 0.18242747 7.68460002 14.59235530
0.11575329 0.00000000 0.29228745 0.73590312 0.24497622 0.20414162 7.68460002 14.59235530
0.10186324 0.00004579 0.31364976 0.72374474 0.24358906 0.23581269 7.68460002 14.59235530
0.09141111 0.00000000 0.33357780 0.71044164 0.24187521 0.29508779 7.68460002 14.59235530
0.14676882 0.00000000 0.31419048 0.75659090 0.23516360 0.35851867 7.68460002 14.59235530
