0.49137613 0.31658315 0.26983770 0.59756963 0.65668013 0.49151272 11.41914232 13.56692315
0.53404525 0.91381018 0.95467324 0.36917386 0.49793242 0.59747445 9.39058563 11.68240925
0.88269829 0.02314527 0.13739375 0.93447639 0.01891999 0.85123714 10.64906181 10.39459781
0.08016019 0.73840669 0.57173722 0.16115805 0.82696147 0.23751065 8.64734798 12.54881199
0.20737115 0.22890409 0.86607329 0.11446149 0.92990640 0.28032574 10.10600347 10.86181672
0.75164255 0.50972870 0.42492060 0.85627974 0.22427508 0.63630293 8.11331928 13.01589367
0.66070692 0.43161368 0.73264809 0.41624187 0.26082755 0.89053387 11.96230717 14.03048945
0.36074768 0.83830040 0.04296405 0.67563897 0.58450079 0.02682244 9.92451002 12.14639825
0.26876258 0.08743995 0.62865049 0.78829098 0.39693707 0.17676182 10.27903261 10.79243250
0.69409923 0.68174123 0.06882283 0.06135659 0.69912559 0.78283035 7.71093053 13.22525027
0.84765336 0.25984527 0.77671938 0.74241477 0.78647485 0.53700504 12.20715156 14.53119995
0.17776755 0.97805556 0.46738377 0.47055973 0.11795268 0.42332432 9.59421760 11.79240543
0.04713504 0.49195220 0.21993750 0.29874256 0.13891233 0.09107836 11.59224284 13.92020889
0.97431814 0.76984343 0.53608230 0.53909465 0.95671927 0.94713184 8.98812770 11.18127275
0.56303946 0.16052025 0.36898775 0.23330584 0.55963151 0.70082873 10.89397757 10.18453413
0.39597663 0.57011770 0.93366393 0.99123488 0.34424289 0.33713256 8.31698637 12.61777021
0.42259656 0.14016500 0.11843105 0.37966227 0.86163864 0.97611577 9.19159140 10.07410967
0.03495886 0.51545685 0.20978893 0.29095505 0.13243227 0.08090019 11.58764229 13.92196747
0.03156316 0.52784326 0.20733656 0.28992186 0.13116330 0.07707107 11.58608503 13.92169417
0.02709927 0.53946006 0.20298148 0.28663212 0.12857181 0.07197697 11.58333468 13.92180107
0.00952023 0.59597699 0.18288287 0.27476472 0.11819713 0.04281825 11.56489261 13.91674207
0.00000000 0.65888462 0.16300475 0.25936795 0.10632647 0.01620841 11.54116129 13.90902201
0.00000000 0.73965990 0.13907225 0.23408910 0.08563065 0.00000000 11.51761989 13.90111185
0.00000000 0.81488161 0.11384602 0.20590394 0.06239429 0.00000000 11.49004821 13.89328276
0.00000000 0.87853287 0.08255912 0.17323255 0.03720212 0.00000000 11.45389002 13.88534624
0.00000000 0.89804074 0.05723539 0.15013208 0.02097341 0.00000000 11.42530797 13.88115557
0.00000000 0.88564110 0.05111575 0.14504263 0.01771076 0.00000000 11.41815639 13.88072201
0.00000000 0.74374216 0.04360471 0.13720495 0.01215704 0.00000000 11.40341212 13.88075789
0.00000000 0.58456967 0.04920348 0.12551707 0.00000000 0.00000000 11.38900196 13.87121630
0.00000000 0.44762152 0.04460338 0.09072945 0.00000000 0.00000000 11.35174034 13.84565195
0.00000000 0.59925863 0.03773984 0.12262041 0.00000000 0.00000000 11.38280611 13.87201341
0.00247955 0.57495367 0.08273230 0.13260319 0.00000000 0.00000000 11.41513746 13.86786093
0.00237773 0.57916792 0.08142277 0.13705031 0.00000000 0.00000000 11.41419913 13.84297474
0.00572790 0.58960745 0.08129291 0.14039093 0.00000000 0.00000000 11.41247208 13.80641564
0.00911809 0.58913894 0.07961395 0.14089746 0.00000000 0.00000000 11.41352280 13.84288286
0.00000000 0.56351026 0.08038764 0.12950438 0.00000000 0.00000000 11.41847614 13.83700430
0.00000000 0.54934788 0.08722385 0.16015564 0.00000000 0.00000000 11.37137635 13.86691823
0.00000000 0.49396179 0.10066134 0.17701745 0.00163679 0.00000000 11.32646849 13.89323776
0.00000000 0.41492539 0.10209581 0.18632357 0.00925721 0.00000000 11.25235036 13.93175003
0.00000000 0.34759481 0.09495122 0.19368612 0.00000000 0.00000000 11.18834059 13.96976127
0.01563455 0.27404537 0.05592334 0.17379806 0.00000000 0.00000000 10.99360726 14.02318174
0.01427352 0.32548559 0.08939331 0.17912330 0.02777674 0.00000000 11.11449127 14.00427351
0.02312933 0.37099611 0.07979494 0.17244910 0.00000000 0.00000000 11.11091681 13.97445834
0.00000000 0.35627609 0.09229559 0.17700034 0.00447060 0.00000000 11.02013823 13.97214299
0.00000000 0.28689410 0.09077247 0.18932364 0.01250383 0.00000000 11.00637449 13.99371700
0.00000000 0.23578383 0.10993322 0.21499701 0.02312928 0.00000000 10.90876368 13.96458766
0.00408233 0.23019864 0.12635184 0.23777609 0.03223766 0.00000000 10.75910846 13.91382911
0.00353685 0.22557954 0.13349159 0.25208506 0.03355177 0.00000000 10.66018575 13.88661237
0.00503353 0.24275150 0.14918196 0.27777553 0.03945722 0.00000000 10.41216576 13.82534550
0.00331260 0.24643556 0.15469768 0.28654640 0.03859059 0.00000000 10.34271753 13.81541547
0.00000000 0.27592675 0.18218077 0.31472652 0.03479753 0.00070870 9.95042517 13.78001012
0.00000000 0.30661806 0.20834737 0.33287029 0.03565203 0.00166950 9.64990892 13.75930942
0.00000000 0.33429396 0.24217827 0.35992493 0.03570967 0.00274640 9.33769074 13.74991170
0.00251074 0.36694833 0.28031028 0.38688225 0.03896634 0.00400960 8.98635442 13.73900906
0.00102960 0.37715917 0.30980863 0.41364774 0.03819531 0.00449284 8.71993395 13.74185945
0.00262981 0.36893228 0.30696354 0.39789924 0.04086161 0.00468748 8.80540326 13.72921395
0.00000000 0.33234281 0.38550215 0.41271926 0.03742917 0.00563923 8.45023448 13.67413607
0.00000000 0.28072166 0.45561577 0.41129830 0.02987372 0.00568831 8.25505108 13.60206279
0.00000000 0.25239794 0.51758081 0.41235778 0.02654367 0.00520456 8.08079771 13.53778291
0.00000000 0.23288330 0.57578212 0.42408402 0.02198974 0.00358248 7.91695489 13.48364458
0.00000000 0.20381536 0.65305020 0.43129248 0.01907072 0.00072524 7.72988728 13.40662357
0.00000000 0.22891110 0.67813985 0.43872733 0.01954520 0.00000000 7.68460002 13.38101028
0.00000000 0.21474842 0.62690897 0.42754644 0.02154981 0.00076798 7.68460002 13.45949205
0.00000000 0.13097082 0.66772368 0.41162926 0.01647992 0.00156348 7.93793307 13.35712016
0.00000000 0.21510053 0.62991720 0.43806737 0.02117664 0.00151978 7.68460002 13.42825889
0.00000000 0.09310661 0.50858583 0.43995212 0.03514250 0.00786748 7.68460002 13.44036804
0.00000000 0.00000000 0.44235424 0.44720266 0.04236482 0.00960820 7.68460002 13.44973084
