-89.80911882
-112.28156775
-112.13754142
-112.08874239
-112.21917831
-112.00234194
-112.27674688
-197.94972418
-112.25250656
-111.41767117
-112.21626032
-82.06745765
-158.80079535
-72.68656003
-66.84093548
-68.08510286
-80.75368057
-88.08651130
-97.22377306
-86.46954287
-93.36220216
-102.31645840
-350.89760712
-57.93934961
-54.98962542
-53.20793034
-52.31846780
-51.50229369
-49.00212606
-40.52339334
-42.49480085
-36.08040615
-40.81089285
-57.03206883
-34.99873466
-38.48183504
-34.19246719
-38.40075547
-31.07910759
-24.94611447
-22.80781563
-25.02131001
-21.43497614
-52.49330892
-20.54284110
-19.43008735
-17.97863848
-16.35357719
-14.84073699
-12.94556881
-11.98599792
-12.81686934
-11.89083341
-10.69253263
-10.30929553
-10.25529793
-10.96458484
-10.36760589
-9.81925755
-9.64132556
-9.03631050
