-112.25893116
-111.75356870
-112.00176143
-110.44272780
-86.03817916
-112.14048748
-111.96799228
-112.26526626
-105.70517490
-112.30004588
-112.09441472
-77.91321480
-74.24024377
-63.72743829
-58.12895881
-45.80354743
-32.90639733
-18.94573118
-12.23535489
-11.70533039
-15.41557880
-11.69058878
-12.27686428
-10.95353499
-10.09826716
-10.18000753
-9.58243024
-9.63624676
-9.91582759
-9.49275925
-9.21800290
-8.97673021
-8.71256240
-8.68668106
-8.27296852
-8.36826898
-8.44907709
-10.27087007
-9.06919450
-8.21375961
-7.99178335
-8.45163827
-13.64687503
-8.14241190
-7.76262183
-7.85225173
-11.12175950
-12.18331813
-7.80280665
-7.77444383
-7.83220385
-7.78818306
-8.13114563
-8.82611195
-8.39555698
-7.82378592
-107.55593778
-7.79389598
-7.79161591
-7.76404806
-9.58507778
