-112.22247775
-57.14156744
-112.26905897
-107.75396102
-111.98782571
-112.18347549
-101.70019841
-112.23066520
-112.26718356
-104.54736123
-106.30306018
-40.24564964
-19.63495244
-13.75179153
-12.86762996
-14.04989892
-10.80993242
-12.70397494
-9.88963801
-9.54793150
-11.07443623
-9.57229753
-8.96568878
-10.04362009
-9.42023542
-9.56775321
-10.48779722
-11.13233721
-24.12200872
-8.51240241
-8.34525821
-8.81831754
-9.14003383
-9.70497157
-10.40684131
-8.95073555
-8.09820078
-27.68550470
-7553.50431408
-8.10917966
-9.59034269
-8.41312768
-8.25582688
-8.03905442
-8.40623730
-7.95331241
-7.99746165
-7.84982792
-8.47485403
-7.98514178
-8.23188348
-7.89722121
-7.94617589
-7.74538710
-334.99367133
-8.31458482
-80.41962061
-7.77815748
-59.09482688
-7.74216598
-7.74233373
