-30.62539565
-17.28840973
-17.28890645
-9.16018541
-10.83758795
-11.82170464
-9.17359171
-8.94854283
-8.83100536
-8.61826673
-8.27162841
-9.57257820
-11.04816565
-8.78728112
-8.72755064
-9.63851205
-8.95130670
-127.23672925
-9.59405971
-9.60122336
-10.57209237
-8.15854000
-8.01890288
-10.39438047
-132.33129547
-8.37794452
-8.17313060
-11.90777088
-10.13051252
-27.21493434
-10.08860083
-16.36876823
-7.94529796
-7.94799503
-7.97898026
-7.95261983
-8.12710024
-8.88235968
-8.85075094
-579.60216045
-10.65597386
-7.86550142
-8.37892790
-8.51587078
-7.89484057
-8.30452888
-7.84678201
-7.87135852
-7.77135603
-7.99557788
-10.12560021
