-88.59343051
-80.95326165
-71.16521263
-53.82631301
-42.12493513
-29.66273970
-15.80150265
-13.02573723
-19.68004188
-14.65918029
-9.76473909
-8.45549204
-8.95076096
-12.14555716
-12.27110632
-8.74777461
-8.63812897
-8.44599453
-8.76549149
-8.45481993
-8.65037711
-8.33894974
-8.21125454
-8.13057917
-7.98320385
-8.28992577
-7.79486110
-7.96228345
-7.98467726
-7.92682884
-8.41049035
-7.74652247
-10.52668574
-8.55341137
-8.31924851
-9.37855041
-9.61576769
-7.83280827
-9.23286980
-17.70769480
-53.64392742
-7.78369927
-7.89806704
-252.77818824
-8.06252531
-8.29230570
-8.67806967
-7.87322470
-8.39129847
-8.35753852
-7.76645580
