2.174600000000000000e+04
2.185043554687500000e+04
2.195563281250000000e+04
2.206174023437500000e+04
2.216889453125000000e+04
2.227722460937500000e+04
2.238684570312500000e+04
2.249787890625000000e+04
2.261042968750000000e+04
2.272460156250000000e+04
2.284049218750000000e+04
2.295819140625000000e+04
2.307779296875000000e+04
2.319938085937500000e+04
2.332303906250000000e+04
2.344884765625000000e+04
2.357688671875000000e+04
2.370723046875000000e+04
2.383995703125000000e+04
2.397513671875000000e+04
2.411284570312500000e+04
2.425315234375000000e+04
2.439613085937500000e+04
2.454185546875000000e+04
2.469039062500000000e+04
2.484181054687500000e+04
2.499618750000000000e+04
2.515359375000000000e+04
2.531409570312500000e+04
2.547777343750000000e+04
2.564469531250000000e+04
2.581493750000000000e+04
2.598857617187500000e+04
2.616568750000000000e+04
2.634634765625000000e+04
2.653063867187500000e+04
2.671863671875000000e+04
2.691042773437500000e+04
2.710609570312500000e+04
2.730572265625000000e+04
2.750939843750000000e+04
2.771721289062500000e+04
2.792925390625000000e+04
2.814561914062500000e+04
2.836640234375000000e+04
2.859170312500000000e+04
2.882161718750000000e+04
2.905625390625000000e+04
2.929571289062500000e+04
2.954010546875000000e+04
2.978954101562500000e+04
3.004413281250000000e+04
3.030400000000000000e+04
3.056925976562500000e+04
3.084003710937500000e+04
3.111645507812500000e+04
3.139864648437500000e+04
3.168674218750000000e+04
3.198088085937500000e+04
3.228119921875000000e+04
3.258784179687500000e+04
3.290096093750000000e+04
3.322070312500000000e+04
3.354722656250000000e+04
3.388069531250000000e+04
3.422126562500000000e+04
3.456910937500000000e+04
3.492440625000000000e+04
3.528732812500000000e+04
3.565806250000000000e+04
3.603679296875000000e+04
3.642371484375000000e+04
3.681903515625000000e+04
3.722294140625000000e+04
3.763566015625000000e+04
3.805739062500000000e+04
3.848837500000000000e+04
3.892881640625000000e+04
3.937897265625000000e+04
3.983905468750000000e+04
4.030933984375000000e+04
4.079005468750000000e+04
4.128148046875000000e+04
4.178385937500000000e+04
4.229748046875000000e+04
4.282262109375000000e+04
4.335956640625000000e+04
4.390861718750000000e+04
4.447007031250000000e+04
4.504423828125000000e+04
4.563143750000000000e+04
4.623199218750000000e+04
4.684624218750000000e+04
4.747452343750000000e+04
4.811718750000000000e+04
4.877459765625000000e+04
4.944711718750000000e+04
5.013512109375000000e+04
5.083899218750000000e+04
5.155912890625000000e+04
5.229592578125000000e+04
5.304979296875000000e+04
5.382115234375000000e+04
5.461042968750000000e+04
5.541805859375000000e+04
5.624448437500000000e+04
5.709016015625000000e+04
5.795553906250000000e+04
5.884108984375000000e+04
5.974729296875000000e+04
6.067462500000000000e+04
6.162357031250000000e+04
6.259462500000000000e+04
6.358830468750000000e+04
6.460510156250000000e+04
6.564553125000000000e+04
6.671010937500000000e+04
6.779935156250000000e+04
6.891377343750000000e+04
7.005391406250000000e+04
7.122028125000000000e+04
7.241339843750000000e+04
7.363378906250000000e+04
7.488197656250000000e+04
7.615846875000000000e+04
7.746377343750000000e+04
7.879838281250000000e+04
8.016278906250000000e+04
8.155746875000000000e+04
8.298287500000000000e+04
8.443946093750000000e+04
8.592764843750000000e+04
8.744783593750000000e+04
8.900040625000000000e+04
9.058570312500000000e+04
9.220403906250000000e+04
9.385571093750000000e+04
9.554093750000000000e+04
9.725993750000000000e+04
9.901284375000000000e+04
1.007997578125000000e+05
1.026207109375000000e+05
1.044756875000000000e+05
1.063645937500000000e+05
1.082872578125000000e+05
1.102434140625000000e+05
1.122327734375000000e+05
1.142548984375000000e+05
1.163092500000000000e+05
1.183952031250000000e+05
1.205120234375000000e+05
1.226588515625000000e+05
1.248346953125000000e+05
1.270384375000000000e+05
1.292687890625000000e+05
1.315244218750000000e+05
1.338037187500000000e+05
1.361049218750000000e+05
1.384261406250000000e+05
1.407654062500000000e+05
1.431203906250000000e+05
1.454886250000000000e+05
1.478675312500000000e+05
1.502543125000000000e+05
1.526459062500000000e+05
1.550390625000000000e+05
1.574303906250000000e+05
1.598163125000000000e+05
1.621929218750000000e+05
1.645562968750000000e+05
1.669021250000000000e+05
1.692260937500000000e+05
1.715235625000000000e+05
1.737898750000000000e+05
1.760200468750000000e+05
1.782091562500000000e+05
1.803519843750000000e+05
1.824433906250000000e+05
1.844779843750000000e+05
1.864504843750000000e+05
1.883554687500000000e+05
1.901876406250000000e+05
1.919416250000000000e+05
1.936122187500000000e+05
1.951943437500000000e+05
1.966829531250000000e+05
1.980733281250000000e+05
1.993608750000000000e+05
2.005413281250000000e+05
2.016106250000000000e+05
2.025651562500000000e+05
2.034015625000000000e+05
2.041169843750000000e+05
2.047088593750000000e+05
2.051751875000000000e+05
2.055143437500000000e+05
2.057252187500000000e+05
2.058071562500000000e+05
2.057600468750000000e+05
2.055842031250000000e+05
2.052804687500000000e+05
2.048501250000000000e+05
2.042949531250000000e+05
2.036171718750000000e+05
2.028193593750000000e+05
2.019045625000000000e+05
2.008761406250000000e+05
1.997378281250000000e+05
1.984936093750000000e+05
1.971477343750000000e+05
1.957047343750000000e+05
1.941693125000000000e+05
1.925462656250000000e+05
1.908405468750000000e+05
1.890572187500000000e+05
1.872014218750000000e+05
1.852782343750000000e+05
1.832927031250000000e+05
1.812499531250000000e+05
1.791550156250000000e+05
1.770127812500000000e+05
1.748280781250000000e+05
1.726055468750000000e+05
1.703497968750000000e+05
1.680652500000000000e+05
1.657561562500000000e+05
1.634265156250000000e+05
1.610802656250000000e+05
1.587211875000000000e+05
1.563527812500000000e+05
1.539783125000000000e+05
1.516010312500000000e+05
1.492239218750000000e+05
1.468497656250000000e+05
1.444811093750000000e+05
1.421204375000000000e+05
1.397700937500000000e+05
1.374321093750000000e+05
1.351083906250000000e+05
1.328007656250000000e+05
1.305109296875000000e+05
1.282403359375000000e+05
1.259903046875000000e+05
1.237621093750000000e+05
1.215569218750000000e+05
1.193756953125000000e+05
1.172192656250000000e+05
1.150884843750000000e+05
1.129840703125000000e+05
1.109066015625000000e+05
1.088565390625000000e+05
1.068343828125000000e+05
1.048405156250000000e+05
1.028752109375000000e+05
1.009387031250000000e+05
9.903112500000000000e+04
9.715264843750000000e+04
9.530336718750000000e+04
9.348328125000000000e+04
9.169233593750000000e+04
8.993050781250000000e+04
8.819774218750000000e+04
8.649387500000000000e+04
8.481873437500000000e+04
8.317216406250000000e+04
8.155399218750000000e+04
7.996396093750000000e+04
7.840178906250000000e+04
7.686725781250000000e+04
7.536010156250000000e+04
7.388000000000000000e+04
7.242661718750000000e+04
7.099967187500000000e+04
6.959886718750000000e+04
6.822383593750000000e+04
6.687421093750000000e+04
6.554967187500000000e+04
6.424989453125000000e+04
6.297449218750000000e+04
6.172308984375000000e+04
6.049534375000000000e+04
5.929091796875000000e+04
5.810942578125000000e+04
5.695047656250000000e+04
5.581375781250000000e+04
5.469885937500000000e+04
5.360546484375000000e+04
5.253317187500000000e+04
5.148166406250000000e+04
5.045054687500000000e+04
4.943950000000000000e+04
4.844814843750000000e+04
4.747617187500000000e+04
4.652319531250000000e+04
4.558891796875000000e+04
4.467298046875000000e+04
4.377503515625000000e+04
4.289477343750000000e+04
4.203188281250000000e+04
4.118603125000000000e+04
4.035689062500000000e+04
3.954416015625000000e+04
3.874755078125000000e+04
3.796674609375000000e+04
3.720142968750000000e+04
3.645132812500000000e+04
3.571616406250000000e+04
3.499564453125000000e+04
3.428946875000000000e+04
3.359739062500000000e+04
3.291911718750000000e+04
3.225440234375000000e+04
3.160296484375000000e+04
3.096457031250000000e+04
3.033894140625000000e+04
2.972585351562500000e+04
2.912503906250000000e+04
2.853628125000000000e+04
2.795932226562500000e+04
2.739395507812500000e+04
2.683993945312500000e+04
2.629702929687500000e+04
2.576505078125000000e+04
2.524376953125000000e+04
2.473297070312500000e+04
2.423242773437500000e+04
2.374198046875000000e+04
2.326140820312500000e+04
2.279051171875000000e+04
2.232908593750000000e+04
2.187697656250000000e+04
2.143398046875000000e+04
2.099991601562500000e+04
2.057460742187500000e+04
2.015785937500000000e+04
1.974953906250000000e+04
1.934945703125000000e+04
1.895745312500000000e+04
1.857334960937500000e+04
1.819701757812500000e+04
1.782828710937500000e+04
1.746700585937500000e+04
1.711300976562500000e+04
1.676618164062500000e+04
1.642636523437500000e+04
1.609341699218750000e+04
1.576718847656250000e+04
1.544756933593750000e+04
1.513441503906250000e+04
1.482759472656250000e+04
1.452696875000000000e+04
1.423243750000000000e+04
1.394386621093750000e+04
1.366113476562500000e+04
1.338411425781250000e+04
1.311271191406250000e+04
1.284680371093750000e+04
1.258627832031250000e+04
1.233101855468750000e+04
1.208093750000000000e+04
1.183591992187500000e+04
1.159586425781250000e+04
1.136066210937500000e+04
1.113023242187500000e+04
1.090447167968750000e+04
