2.174599804687500000e+04
2.199328125000000000e+04
2.224377539062500000e+04
2.249753125000000000e+04
2.275459570312500000e+04
2.301502343750000000e+04
2.327886328125000000e+04
2.354616992187500000e+04
2.381699414062500000e+04
2.409139257812500000e+04
2.436941992187500000e+04
2.465113281250000000e+04
2.493658593750000000e+04
2.522583789062500000e+04
2.551894726562500000e+04
2.581597265625000000e+04
2.611697265625000000e+04
2.642201171875000000e+04
2.673114843750000000e+04
2.704444921875000000e+04
2.736197265625000000e+04
2.768378515625000000e+04
2.800995117187500000e+04
2.834053906250000000e+04
2.867561132812500000e+04
2.901524023437500000e+04
2.935949218750000000e+04
2.970843359375000000e+04
3.006213671875000000e+04
3.042067187500000000e+04
3.078411328125000000e+04
3.115252929687500000e+04
3.152599804687500000e+04
3.190458593750000000e+04
3.228837500000000000e+04
3.267743359375000000e+04
3.307184375000000000e+04
3.347167578125000000e+04
3.387701171875000000e+04
3.428792968750000000e+04
3.470450390625000000e+04
3.512681250000000000e+04
3.555493359375000000e+04
3.598895312500000000e+04
3.642894921875000000e+04
3.687499609375000000e+04
3.732717968750000000e+04
3.778557812500000000e+04
3.825027343750000000e+04
3.872134375000000000e+04
3.919887500000000000e+04
3.968294140625000000e+04
4.017362500000000000e+04
4.067101171875000000e+04
4.117517578125000000e+04
4.168619921875000000e+04
4.220415234375000000e+04
4.272912890625000000e+04
4.326119921875000000e+04
4.380043750000000000e+04
4.434692187500000000e+04
4.490072656250000000e+04
4.546192187500000000e+04
4.603058593750000000e+04
4.660678515625000000e+04
4.719058593750000000e+04
4.778205859375000000e+04
4.838126953125000000e+04
4.898827734375000000e+04
4.960314453125000000e+04
5.022592968750000000e+04
5.085668359375000000e+04
5.149545703125000000e+04
5.214230078125000000e+04
5.279727343750000000e+04
5.346039062500000000e+04
5.413171875000000000e+04
5.481126562500000000e+04
5.549908203125000000e+04
5.619517187500000000e+04
5.689957421875000000e+04
5.761228515625000000e+04
5.833333593750000000e+04
5.906269921875000000e+04
5.980040234375000000e+04
6.054642578125000000e+04
6.130075390625000000e+04
6.206336328125000000e+04
6.283421875000000000e+04
6.361329687500000000e+04
6.440054687500000000e+04
6.519590625000000000e+04
6.599932031250000000e+04
6.681072656250000000e+04
6.763003906250000000e+04
6.845716406250000000e+04
6.929201562500000000e+04
7.013448437500000000e+04
7.098444531250000000e+04
7.184176562500000000e+04
7.270631250000000000e+04
7.357793750000000000e+04
7.445647656250000000e+04
7.534175781250000000e+04
7.623359375000000000e+04
7.713178125000000000e+04
7.803612500000000000e+04
7.894639062500000000e+04
7.986235156250000000e+04
8.078374218750000000e+04
8.171032031250000000e+04
8.264181250000000000e+04
8.357791406250000000e+04
8.451834375000000000e+04
8.546278906250000000e+04
8.641091406250000000e+04
8.736237500000000000e+04
8.831682812500000000e+04
8.927390625000000000e+04
9.023322656250000000e+04
9.119440625000000000e+04
9.215703125000000000e+04
9.312067968750000000e+04
9.408494531250000000e+04
9.504935937500000000e+04
9.601349218750000000e+04
9.697686718750000000e+04
9.793900000000000000e+04
9.889942968750000000e+04
9.985764062500000000e+04
1.008131406250000000e+05
1.017654062500000000e+05
1.027139218750000000e+05
1.036581406250000000e+05
1.045975312500000000e+05
1.055315546875000000e+05
1.064596562500000000e+05
1.073812812500000000e+05
1.082958593750000000e+05
1.092028359375000000e+05
1.101016328125000000e+05
1.109916796875000000e+05
1.118723984375000000e+05
1.127432187500000000e+05
1.136035703125000000e+05
1.144528671875000000e+05
1.152905546875000000e+05
1.161160390625000000e+05
1.169287734375000000e+05
1.177281875000000000e+05
1.185137187500000000e+05
1.192848203125000000e+05
1.200409375000000000e+05
1.207815390625000000e+05
1.215060859375000000e+05
1.222140703125000000e+05
1.229049687500000000e+05
1.235782656250000000e+05
1.242335000000000000e+05
1.248701796875000000e+05
1.254878359375000000e+05
1.260860234375000000e+05
1.266642890625000000e+05
1.272222343750000000e+05
1.277594453125000000e+05
1.282755078125000000e+05
1.287700703125000000e+05
1.292427734375000000e+05
1.296932734375000000e+05
1.301212578125000000e+05
1.305264062500000000e+05
1.309084531250000000e+05
1.312671250000000000e+05
1.316021562500000000e+05
1.319133593750000000e+05
1.322005000000000000e+05
1.324634218750000000e+05
1.327019531250000000e+05
1.329159218750000000e+05
1.331052343750000000e+05
1.332697812500000000e+05
1.334094843750000000e+05
1.335242968750000000e+05
1.336141406250000000e+05
1.336790468750000000e+05
1.337190000000000000e+05
1.337340156250000000e+05
1.337241562500000000e+05
1.336894531250000000e+05
1.336300156250000000e+05
1.335459375000000000e+05
1.334373437500000000e+05
1.333043906250000000e+05
1.331472187500000000e+05
1.329660156250000000e+05
1.327609843750000000e+05
1.325323125000000000e+05
1.322802656250000000e+05
1.320050468750000000e+05
1.317069531250000000e+05
1.313862500000000000e+05
1.310432187500000000e+05
1.306781796875000000e+05
1.302914453125000000e+05
1.298833515625000000e+05
1.294542265625000000e+05
1.290044531250000000e+05
1.285343828125000000e+05
1.280444140625000000e+05
1.275348984375000000e+05
1.270062578125000000e+05
1.264588984375000000e+05
1.258932343750000000e+05
1.253096718750000000e+05
1.247086406250000000e+05
1.240906093750000000e+05
1.234559921875000000e+05
1.228052187500000000e+05
1.221387578125000000e+05
1.214570703125000000e+05
1.207606171875000000e+05
1.200498437500000000e+05
1.193252031250000000e+05
1.185871796875000000e+05
1.178362343750000000e+05
1.170728437500000000e+05
1.162974453125000000e+05
1.155105156250000000e+05
1.147125390625000000e+05
1.139039687500000000e+05
1.130852500000000000e+05
1.122568515625000000e+05
1.114192578125000000e+05
1.105728984375000000e+05
1.097182031250000000e+05
1.088556562500000000e+05
1.079857031250000000e+05
1.071087656250000000e+05
1.062252656250000000e+05
1.053356484375000000e+05
1.044403593750000000e+05
1.035397968750000000e+05
1.026343515625000000e+05
1.017244609375000000e+05
1.008105390625000000e+05
9.989296093750000000e+04
9.897208593750000000e+04
9.804833593750000000e+04
9.712208593750000000e+04
9.619368750000000000e+04
9.526349218750000000e+04
9.433185156250000000e+04
9.339914843750000000e+04
9.246570312500000000e+04
9.153182812500000000e+04
9.059784375000000000e+04
8.966407812500000000e+04
8.873085937500000000e+04
8.779846875000000000e+04
8.686717187500000000e+04
8.593728125000000000e+04
8.500908593750000000e+04
8.408283593750000000e+04
8.315877343750000000e+04
8.223717187500000000e+04
8.131828906250000000e+04
8.040235156250000000e+04
7.948957031250000000e+04
7.858017968750000000e+04
7.767441406250000000e+04
7.677246093750000000e+04
7.587450781250000000e+04
7.498076562500000000e+04
7.409142968750000000e+04
7.320666406250000000e+04
7.232661718750000000e+04
7.145148437500000000e+04
7.058142968750000000e+04
6.971658593750000000e+04
6.885707812500000000e+04
6.800306250000000000e+04
6.715469531250000000e+04
6.631207031250000000e+04
6.547528906250000000e+04
6.464450781250000000e+04
6.381979687500000000e+04
6.300128515625000000e+04
6.218903515625000000e+04
6.138316796875000000e+04
6.058373828125000000e+04
5.979085546875000000e+04
5.900455859375000000e+04
5.822494531250000000e+04
5.745205468750000000e+04
5.668596484375000000e+04
5.592672265625000000e+04
5.517435546875000000e+04
5.442892578125000000e+04
5.369048828125000000e+04
5.295906640625000000e+04
5.223466796875000000e+04
5.151733984375000000e+04
5.080712500000000000e+04
5.010402343750000000e+04
4.940803515625000000e+04
4.871919140625000000e+04
4.803751171875000000e+04
4.736299218750000000e+04
4.669562109375000000e+04
4.603541796875000000e+04
4.538235937500000000e+04
4.473646875000000000e+04
4.409770312500000000e+04
4.346607421875000000e+04
4.284155468750000000e+04
4.222414062500000000e+04
4.161379687500000000e+04
4.101051953125000000e+04
4.041426562500000000e+04
3.982503125000000000e+04
3.924277734375000000e+04
3.866744531250000000e+04
3.809905859375000000e+04
3.753755468750000000e+04
3.698290234375000000e+04
3.643504296875000000e+04
3.589397656250000000e+04
3.535964843750000000e+04
3.483200781250000000e+04
3.431100390625000000e+04
3.379662890625000000e+04
3.328881250000000000e+04
3.278751953125000000e+04
3.229269335937500000e+04
3.180427148437500000e+04
3.132224414062500000e+04
3.084653906250000000e+04
3.037710546875000000e+04
2.991387500000000000e+04
2.945683398437500000e+04
2.900591015625000000e+04
2.856105078125000000e+04
2.812218359375000000e+04
2.768929101562500000e+04
2.726229687500000000e+04
2.684115039062500000e+04
2.642577929687500000e+04
2.601615625000000000e+04
2.561221289062500000e+04
2.521389062500000000e+04
2.482111718750000000e+04
2.443386718750000000e+04
2.405207031250000000e+04
2.367566601562500000e+04
2.330458593750000000e+04
2.293879687500000000e+04
2.257823242187500000e+04
2.222283007812500000e+04
2.187252343750000000e+04
2.152727929687500000e+04
2.118702929687500000e+04
2.085171484375000000e+04
2.052126562500000000e+04
2.019565234375000000e+04
1.987480664062500000e+04
