2.174600000000000000e+04
2.183806445312500000e+04
2.193138476562500000e+04
2.202609570312500000e+04
2.212232226562500000e+04
2.222018164062500000e+04
2.231979101562500000e+04
2.242125390625000000e+04
2.252467773437500000e+04
2.263015820312500000e+04
2.273779492187500000e+04
2.284767773437500000e+04
2.295989648437500000e+04
2.307453906250000000e+04
2.319169335937500000e+04
2.331143750000000000e+04
2.343385937500000000e+04
2.355903515625000000e+04
2.368704882812500000e+04
2.381798046875000000e+04
2.395190429687500000e+04
2.408890234375000000e+04
2.422905468750000000e+04
2.437243750000000000e+04
2.451913281250000000e+04
2.466922070312500000e+04
2.482277929687500000e+04
2.497989257812500000e+04
2.514064062500000000e+04
2.530510937500000000e+04
2.547338476562500000e+04
2.564554882812500000e+04
2.582169335937500000e+04
2.600190625000000000e+04
2.618627929687500000e+04
2.637490820312500000e+04
2.656788476562500000e+04
2.676530664062500000e+04
2.696727539062500000e+04
2.717389062500000000e+04
2.738525976562500000e+04
2.760149023437500000e+04
2.782268945312500000e+04
2.804897070312500000e+04
2.828044921875000000e+04
2.851724414062500000e+04
2.875947656250000000e+04
2.900727343750000000e+04
2.926075976562500000e+04
2.952006835937500000e+04
2.978533593750000000e+04
3.005670312500000000e+04
3.033430859375000000e+04
3.061830078125000000e+04
3.090883398437500000e+04
3.120606054687500000e+04
3.151013867187500000e+04
3.182123632812500000e+04
3.213951757812500000e+04
3.246516015625000000e+04
3.279834375000000000e+04
3.313924609375000000e+04
3.348805859375000000e+04
3.384498046875000000e+04
3.421019921875000000e+04
3.458392578125000000e+04
3.496637500000000000e+04
3.535776171875000000e+04
3.575830468750000000e+04
3.616823437500000000e+04
3.658778906250000000e+04
3.701721093750000000e+04
3.745674218750000000e+04
3.790664062500000000e+04
3.836717968750000000e+04
3.883860937500000000e+04
3.932122656250000000e+04
3.981530078125000000e+04
4.032113671875000000e+04
4.083901562500000000e+04
4.136926953125000000e+04
4.191219140625000000e+04
4.246812500000000000e+04
4.303738281250000000e+04
4.362032031250000000e+04
4.421728125000000000e+04
4.482862500000000000e+04
4.545472265625000000e+04
4.609594140625000000e+04
4.675267187500000000e+04
4.742530078125000000e+04
4.811424218750000000e+04
4.881989453125000000e+04
4.954268750000000000e+04
5.028304687500000000e+04
5.104141406250000000e+04
5.181823046875000000e+04
5.261395703125000000e+04
5.342905859375000000e+04
5.426400390625000000e+04
5.511928125000000000e+04
5.599537500000000000e+04
5.689278125000000000e+04
5.781200781250000000e+04
5.875355859375000000e+04
5.971796093750000000e+04
6.070573046875000000e+04
6.171739843750000000e+04
6.275349218750000000e+04
6.381455468750000000e+04
6.490111718750000000e+04
6.601373437500000000e+04
6.715292187500000000e+04
6.831925000000000000e+04
6.951325000000000000e+04
7.073546093750000000e+04
7.198639843750000000e+04
7.326660937500000000e+04
7.457660937500000000e+04
7.591690625000000000e+04
7.728800000000000000e+04
7.869037500000000000e+04
8.012448437500000000e+04
8.159080468750000000e+04
8.308974218750000000e+04
8.462171093750000000e+04
8.618708593750000000e+04
8.778621875000000000e+04
8.941941406250000000e+04
9.108696093750000000e+04
9.278907812500000000e+04
9.452596875000000000e+04
9.629776562500000000e+04
9.810455468750000000e+04
9.994636718750000000e+04
1.018231718750000000e+05
1.037348593750000000e+05
1.056812500000000000e+05
1.076620937500000000e+05
1.096770546875000000e+05
1.117257031250000000e+05
1.138075078125000000e+05
1.159218593750000000e+05
1.180680078125000000e+05
1.202451171875000000e+05
1.224521953125000000e+05
1.246881796875000000e+05
1.269518359375000000e+05
1.292417968750000000e+05
1.315565468750000000e+05
1.338944375000000000e+05
1.362536406250000000e+05
1.386321562500000000e+05
1.410278593750000000e+05
1.434383906250000000e+05
1.458613281250000000e+05
1.482939375000000000e+05
1.507332812500000000e+05
1.531763593750000000e+05
1.556199843750000000e+05
1.580606562500000000e+05
1.604946875000000000e+05
1.629183281250000000e+05
1.653275781250000000e+05
1.677182187500000000e+05
1.700858281250000000e+05
1.724259062500000000e+05
1.747337968750000000e+05
1.770045781250000000e+05
1.792333281250000000e+05
1.814148906250000000e+05
1.835441093750000000e+05
1.856156562500000000e+05
1.876242656250000000e+05
1.895645312500000000e+05
1.914311406250000000e+05
1.932187343750000000e+05
1.949220937500000000e+05
1.965360468750000000e+05
1.980556406250000000e+05
1.994759843750000000e+05
2.007925312500000000e+05
2.020008750000000000e+05
2.030970000000000000e+05
2.040771718750000000e+05
2.049379843750000000e+05
2.056765312500000000e+05
2.062901875000000000e+05
2.067769375000000000e+05
2.071350781250000000e+05
2.073635156250000000e+05
2.074615468750000000e+05
2.074290625000000000e+05
2.072663750000000000e+05
2.069743281250000000e+05
2.065542187500000000e+05
2.060078437500000000e+05
2.053374062500000000e+05
2.045455156250000000e+05
2.036352343750000000e+05
2.026099218750000000e+05
2.014732500000000000e+05
2.002292343750000000e+05
1.988821562500000000e+05
1.974364218750000000e+05
1.958966875000000000e+05
1.942677187500000000e+05
1.925544375000000000e+05
1.907617812500000000e+05
1.888947187500000000e+05
1.869582968750000000e+05
1.849575625000000000e+05
1.828974218750000000e+05
1.807827500000000000e+05
1.786183906250000000e+05
1.764090781250000000e+05
1.741593906250000000e+05
1.718737343750000000e+05
1.695564687500000000e+05
1.672118281250000000e+05
1.648437500000000000e+05
1.624561093750000000e+05
1.600525312500000000e+05
1.576365625000000000e+05
1.552115781250000000e+05
1.527807343750000000e+05
1.503469375000000000e+05
1.479131093750000000e+05
1.454819218750000000e+05
1.430558593750000000e+05
1.406372031250000000e+05
1.382282031250000000e+05
1.358309375000000000e+05
1.334472656250000000e+05
1.310789062500000000e+05
1.287275234375000000e+05
1.263946875000000000e+05
1.240817265625000000e+05
1.217898515625000000e+05
1.195202812500000000e+05
1.172740937500000000e+05
1.150522031250000000e+05
1.128554296875000000e+05
1.106845781250000000e+05
1.085403750000000000e+05
1.064233828125000000e+05
1.043340937500000000e+05
1.022730000000000000e+05
1.002405390625000000e+05
9.823700781250000000e+04
9.626263281250000000e+04
9.431767968750000000e+04
9.240234375000000000e+04
9.051671875000000000e+04
8.866088281250000000e+04
8.683482812500000000e+04
8.503858593750000000e+04
8.327216406250000000e+04
8.153543750000000000e+04
7.982829687500000000e+04
7.815063281250000000e+04
7.650232031250000000e+04
7.488315625000000000e+04
7.329289843750000000e+04
7.173137500000000000e+04
7.019835937500000000e+04
6.869357812500000000e+04
6.721672656250000000e+04
6.576755468750000000e+04
6.434578906250000000e+04
6.295109765625000000e+04
6.158313671875000000e+04
6.024160937500000000e+04
5.892619921875000000e+04
5.763655078125000000e+04
5.637228906250000000e+04
5.513308984375000000e+04
5.391862109375000000e+04
5.272850390625000000e+04
5.156234375000000000e+04
5.041980859375000000e+04
4.930055859375000000e+04
4.820419921875000000e+04
4.713034375000000000e+04
4.607866796875000000e+04
4.504876953125000000e+04
4.404032031250000000e+04
4.305291406250000000e+04
4.208623437500000000e+04
4.113987109375000000e+04
4.021351953125000000e+04
3.930676953125000000e+04
3.841931640625000000e+04
3.755076953125000000e+04
3.670082031250000000e+04
3.586910546875000000e+04
3.505526953125000000e+04
3.425898828125000000e+04
3.347994531250000000e+04
3.271779687500000000e+04
3.197220507812500000e+04
3.124286328125000000e+04
3.052946484375000000e+04
2.983168750000000000e+04
2.914920507812500000e+04
2.848172656250000000e+04
2.782896875000000000e+04
2.719062304687500000e+04
2.656638476562500000e+04
2.595599218750000000e+04
2.535914062500000000e+04
2.477557226562500000e+04
2.420499414062500000e+04
2.364716015625000000e+04
2.310178320312500000e+04
2.256862500000000000e+04
2.204741015625000000e+04
2.153790820312500000e+04
2.103985156250000000e+04
2.055301953125000000e+04
2.007716406250000000e+04
1.961203320312500000e+04
1.915743554687500000e+04
1.871312500000000000e+04
1.827888476562500000e+04
1.785447851562500000e+04
1.743972656250000000e+04
1.703440625000000000e+04
1.663831054687500000e+04
1.625122460937500000e+04
1.587298339843750000e+04
1.550337792968750000e+04
1.514221777343750000e+04
1.478931933593750000e+04
1.444448730468750000e+04
1.410757128906250000e+04
1.377838183593750000e+04
1.345674804687500000e+04
1.314249121093750000e+04
1.283547167968750000e+04
1.253551660156250000e+04
1.224246875000000000e+04
1.195616113281250000e+04
1.167646777343750000e+04
1.140322753906250000e+04
1.113629687500000000e+04
1.087552441406250000e+04
1.062079101562500000e+04
1.037195117187500000e+04
1.012887109375000000e+04
9.891413085937500000e+03
9.659466796875000000e+03
9.432899414062500000e+03
9.211588867187500000e+03
8.995408203125000000e+03
8.784255859375000000e+03
8.578010742187500000e+03
8.376561523437500000e+03
8.179790039062500000e+03
7.987605468750000000e+03
7.799895507812500000e+03
7.616557617187500000e+03
7.437485351562500000e+03
7.262594726562500000e+03
7.091782714843750000e+03
