2.174600000000000000e+04
2.183079492187500000e+04
2.191798046875000000e+04
2.200763281250000000e+04
2.209982617187500000e+04
2.219463867187500000e+04
2.229214257812500000e+04
2.239241210937500000e+04
2.249552148437500000e+04
2.260154492187500000e+04
2.271055664062500000e+04
2.282263085937500000e+04
2.293783984375000000e+04
2.305625585937500000e+04
2.317795507812500000e+04
2.330301367187500000e+04
2.343150390625000000e+04
2.356350195312500000e+04
2.369908398437500000e+04
2.383832812500000000e+04
2.398131054687500000e+04
2.412811132812500000e+04
2.427881054687500000e+04
2.443348828125000000e+04
2.459222460937500000e+04
2.475510546875000000e+04
2.492221484375000000e+04
2.509363867187500000e+04
2.526946289062500000e+04
2.544977734375000000e+04
2.563467382812500000e+04
2.582424023437500000e+04
2.601857226562500000e+04
2.621776562500000000e+04
2.642191796875000000e+04
2.663112695312500000e+04
2.684549414062500000e+04
2.706512304687500000e+04
2.729011914062500000e+04
2.752058593750000000e+04
2.775663671875000000e+04
2.799838281250000000e+04
2.824593359375000000e+04
2.849941015625000000e+04
2.875892773437500000e+04
2.902460937500000000e+04
2.929657617187500000e+04
2.957495312500000000e+04
2.985986914062500000e+04
3.015145507812500000e+04
3.044984570312500000e+04
3.075517187500000000e+04
3.106757617187500000e+04
3.138719726562500000e+04
3.171417773437500000e+04
3.204866601562500000e+04
3.239080664062500000e+04
3.274075390625000000e+04
3.309866015625000000e+04
3.346468359375000000e+04
3.383898046875000000e+04
3.422171093750000000e+04
3.461304296875000000e+04
3.501314062500000000e+04
3.542216796875000000e+04
3.584030078125000000e+04
3.626771093750000000e+04
3.670457421875000000e+04
3.715106640625000000e+04
3.760736328125000000e+04
3.807365234375000000e+04
3.855010937500000000e+04
3.903691796875000000e+04
3.953426562500000000e+04
4.004234765625000000e+04
4.056133203125000000e+04
4.109142968750000000e+04
4.163280468750000000e+04
4.218566406250000000e+04
4.275018359375000000e+04
4.332657031250000000e+04
4.391498828125000000e+04
4.451564843750000000e+04
4.512870703125000000e+04
4.575437500000000000e+04
4.639282421875000000e+04
4.704423437500000000e+04
4.770878125000000000e+04
4.838664062500000000e+04
4.907798046875000000e+04
4.978296875000000000e+04
5.050176171875000000e+04
5.123451171875000000e+04
5.198137890625000000e+04
5.274249218750000000e+04
5.351800000000000000e+04
5.430801953125000000e+04
5.511267187500000000e+04
5.593207031250000000e+04
5.676631250000000000e+04
5.761548828125000000e+04
5.847967578125000000e+04
5.935894140625000000e+04
6.025333203125000000e+04
6.116289453125000000e+04
6.208765234375000000e+04
6.302760937500000000e+04
6.398275781250000000e+04
6.495307812500000000e+04
6.593853125000000000e+04
6.693904687500000000e+04
6.795456250000000000e+04
6.898495312500000000e+04
7.003011718750000000e+04
7.108991406250000000e+04
7.216417968750000000e+04
7.325271093750000000e+04
7.435530468750000000e+04
7.547173437500000000e+04
7.660171875000000000e+04
7.774498437500000000e+04
7.890121875000000000e+04
8.007007031250000000e+04
8.125118750000000000e+04
8.244415625000000000e+04
8.364857812500000000e+04
8.486397656250000000e+04
8.608989062500000000e+04
8.732580468750000000e+04
8.857117968750000000e+04
8.982546093750000000e+04
9.108804687500000000e+04
9.235832031250000000e+04
9.363561718750000000e+04
9.491928125000000000e+04
9.620859375000000000e+04
9.750282031250000000e+04
9.880121093750000000e+04
1.001029765625000000e+05
1.014073046875000000e+05
1.027133671875000000e+05
1.040203046875000000e+05
1.053272421875000000e+05
1.066332734375000000e+05
1.079374765625000000e+05
1.092389062500000000e+05
1.105366250000000000e+05
1.118296484375000000e+05
1.131169843750000000e+05
1.143976328125000000e+05
1.156705781250000000e+05
1.169347968750000000e+05
1.181892578125000000e+05
1.194329218750000000e+05
1.206647187500000000e+05
1.218836406250000000e+05
1.230886093750000000e+05
1.242785546875000000e+05
1.254524609375000000e+05
1.266092812500000000e+05
1.277479765625000000e+05
1.288674843750000000e+05
1.299667968750000000e+05
1.310449296875000000e+05
1.321008593750000000e+05
1.331335937500000000e+05
1.341421875000000000e+05
1.351257031250000000e+05
1.360831718750000000e+05
1.370137500000000000e+05
1.379165156250000000e+05
1.387906250000000000e+05
1.396352500000000000e+05
1.404496250000000000e+05
1.412329218750000000e+05
1.419844687500000000e+05
1.427035312500000000e+05
1.433894843750000000e+05
1.440416406250000000e+05
1.446594531250000000e+05
1.452423437500000000e+05
1.457898125000000000e+05
1.463013593750000000e+05
1.467765625000000000e+05
1.472150468750000000e+05
1.476164375000000000e+05
1.479804375000000000e+05
1.483067656250000000e+05
1.485952031250000000e+05
1.488455781250000000e+05
1.490577500000000000e+05
1.492316093750000000e+05
1.493671093750000000e+05
1.494642343750000000e+05
1.495230312500000000e+05
1.495435625000000000e+05
1.495259531250000000e+05
1.494703281250000000e+05
1.493769062500000000e+05
1.492459375000000000e+05
1.490776562500000000e+05
1.488723750000000000e+05
1.486304687500000000e+05
1.483522968750000000e+05
1.480382656250000000e+05
1.476888281250000000e+05
1.473044687500000000e+05
1.468857187500000000e+05
1.464330781250000000e+05
1.459471250000000000e+05
1.454284531250000000e+05
1.448777031250000000e+05
1.442954843750000000e+05
1.436824531250000000e+05
1.430393281250000000e+05
1.423667968750000000e+05
1.416655625000000000e+05
1.409363750000000000e+05
1.401799843750000000e+05
1.393971875000000000e+05
1.385887187500000000e+05
1.377553906250000000e+05
1.368979687500000000e+05
1.360172968750000000e+05
1.351141718750000000e+05
1.341894218750000000e+05
1.332438437500000000e+05
1.322782656250000000e+05
1.312935312500000000e+05
1.302904687500000000e+05
1.292698593750000000e+05
1.282325546875000000e+05
1.271793906250000000e+05
1.261111718750000000e+05
1.250286718750000000e+05
1.239327265625000000e+05
1.228241484375000000e+05
1.217037109375000000e+05
1.205721718750000000e+05
1.194303203125000000e+05
1.182789375000000000e+05
1.171187578125000000e+05
1.159504921875000000e+05
1.147748984375000000e+05
1.135927109375000000e+05
1.124046093750000000e+05
1.112112500000000000e+05
1.100133515625000000e+05
1.088115703125000000e+05
1.076065468750000000e+05
1.063988828125000000e+05
1.051892265625000000e+05
1.039781875000000000e+05
1.027663437500000000e+05
1.015542500000000000e+05
1.003424453125000000e+05
9.913148437500000000e+04
9.792192187500000000e+04
9.671423437500000000e+04
9.550888281250000000e+04
9.430636718750000000e+04
9.310717187500000000e+04
9.191172656250000000e+04
9.072041406250000000e+04
8.953367968750000000e+04
8.835193750000000000e+04
8.717553906250000000e+04
8.600483593750000000e+04
8.484019531250000000e+04
8.368197656250000000e+04
8.253046875000000000e+04
8.138596093750000000e+04
8.024876562500000000e+04
7.911917187500000000e+04
7.799744531250000000e+04
7.688378906250000000e+04
7.577846875000000000e+04
7.468172656250000000e+04
7.359376562500000000e+04
7.251474218750000000e+04
7.144487500000000000e+04
7.038435156250000000e+04
6.933332031250000000e+04
6.829190625000000000e+04
6.726029687500000000e+04
6.623858593750000000e+04
6.522691796875000000e+04
6.422536718750000000e+04
6.323407421875000000e+04
6.225308984375000000e+04
6.128253125000000000e+04
6.032242968750000000e+04
5.937289062500000000e+04
5.843392578125000000e+04
5.750562500000000000e+04
5.658800000000000000e+04
5.568107031250000000e+04
5.478487500000000000e+04
5.389945312500000000e+04
5.302478906250000000e+04
5.216087109375000000e+04
5.130772265625000000e+04
5.046533984375000000e+04
4.963369921875000000e+04
4.881276171875000000e+04
4.800252343750000000e+04
4.720296484375000000e+04
4.641403515625000000e+04
4.563568359375000000e+04
4.486789062500000000e+04
4.411058984375000000e+04
4.336374609375000000e+04
4.262728515625000000e+04
4.190117187500000000e+04
4.118531640625000000e+04
4.047967968750000000e+04
3.978416796875000000e+04
3.909873828125000000e+04
3.842328515625000000e+04
3.775776171875000000e+04
3.710207812500000000e+04
3.645612500000000000e+04
3.581987109375000000e+04
3.519320312500000000e+04
3.457603906250000000e+04
3.396826562500000000e+04
3.336983984375000000e+04
3.278064453125000000e+04
3.220059179687500000e+04
3.162956250000000000e+04
3.106750976562500000e+04
3.051431054687500000e+04
2.996987304687500000e+04
2.943410156250000000e+04
2.890687304687500000e+04
2.838813476562500000e+04
2.787776367187500000e+04
2.737566601562500000e+04
2.688171484375000000e+04
2.639585742187500000e+04
2.591797265625000000e+04
2.544795703125000000e+04
2.498569726562500000e+04
2.453112890625000000e+04
2.408413281250000000e+04
2.364461132812500000e+04
2.321244531250000000e+04
2.278757421875000000e+04
2.236987890625000000e+04
2.195926367187500000e+04
2.155561132812500000e+04
2.115885937500000000e+04
2.076889453125000000e+04
2.038562304687500000e+04
2.000892968750000000e+04
1.963875195312500000e+04
1.927497656250000000e+04
1.891751562500000000e+04
1.856625976562500000e+04
1.822114257812500000e+04
1.788206054687500000e+04
1.754892187500000000e+04
1.722162500000000000e+04
1.690010546875000000e+04
1.658426171875000000e+04
