2.174600000000000000e+04
2.188207031250000000e+04
2.201974218750000000e+04
2.215909570312500000e+04
2.230020898437500000e+04
2.244315429687500000e+04
2.258800781250000000e+04
2.273484179687500000e+04
2.288373046875000000e+04
2.303474218750000000e+04
2.318794921875000000e+04
2.334341992187500000e+04
2.350122851562500000e+04
2.366144140625000000e+04
2.382412695312500000e+04
2.398935351562500000e+04
2.415719335937500000e+04
2.432771484375000000e+04
2.450098632812500000e+04
2.467708007812500000e+04
2.485606250000000000e+04
2.503800781250000000e+04
2.522298828125000000e+04
2.541107421875000000e+04
2.560233593750000000e+04
2.579685351562500000e+04
2.599469531250000000e+04
2.619593750000000000e+04
2.640066210937500000e+04
2.660894140625000000e+04
2.682085546875000000e+04
2.703648632812500000e+04
2.725591406250000000e+04
2.747922265625000000e+04
2.770649414062500000e+04
2.793781640625000000e+04
2.817327539062500000e+04
2.841296289062500000e+04
2.865696484375000000e+04
2.890537695312500000e+04
2.915829296875000000e+04
2.941581054687500000e+04
2.967802148437500000e+04
2.994503515625000000e+04
3.021694531250000000e+04
3.049386328125000000e+04
3.077588867187500000e+04
3.106313281250000000e+04
3.135570898437500000e+04
3.165372656250000000e+04
3.195730078125000000e+04
3.226655078125000000e+04
3.258159765625000000e+04
3.290256250000000000e+04
3.322957031250000000e+04
3.356275390625000000e+04
3.390223828125000000e+04
3.424816015625000000e+04
3.460065625000000000e+04
3.495986328125000000e+04
3.532592187500000000e+04
3.569898046875000000e+04
3.607918359375000000e+04
3.646667968750000000e+04
3.686162890625000000e+04
3.726418359375000000e+04
3.767450390625000000e+04
3.809275000000000000e+04
3.851909375000000000e+04
3.895369921875000000e+04
3.939673828125000000e+04
3.984838671875000000e+04
4.030882812500000000e+04
4.077823046875000000e+04
4.125679296875000000e+04
4.174468750000000000e+04
4.224212500000000000e+04
4.274927734375000000e+04
4.326635937500000000e+04
4.379354687500000000e+04
4.433107031250000000e+04
4.487910937500000000e+04
4.543789453125000000e+04
4.600760937500000000e+04
4.658848437500000000e+04
4.718073437500000000e+04
4.778457421875000000e+04
4.840021875000000000e+04
4.902789062500000000e+04
4.966781250000000000e+04
5.032021093750000000e+04
5.098530468750000000e+04
5.166332812500000000e+04
5.235450390625000000e+04
5.305905468750000000e+04
5.377721875000000000e+04
5.450921484375000000e+04
5.525526953125000000e+04
5.601561328125000000e+04
5.679046875000000000e+04
5.758005468750000000e+04
5.838459375000000000e+04
5.920430468750000000e+04
6.003939843750000000e+04
6.089008593750000000e+04
6.175657031250000000e+04
6.263905078125000000e+04
6.353772265625000000e+04
6.445277734375000000e+04
6.538439062500000000e+04
6.633272656250000000e+04
6.729796093750000000e+04
6.828023437500000000e+04
6.927970312500000000e+04
7.029649218750000000e+04
7.133071875000000000e+04
7.238247656250000000e+04
7.345187500000000000e+04
7.453896093750000000e+04
7.564381250000000000e+04
7.676646875000000000e+04
7.790692968750000000e+04
7.906521093750000000e+04
8.024128125000000000e+04
8.143509375000000000e+04
8.264658593750000000e+04
8.387565625000000000e+04
8.512217968750000000e+04
8.638600781250000000e+04
8.766695312500000000e+04
8.896482031250000000e+04
9.027935156250000000e+04
9.161027343750000000e+04
9.295728125000000000e+04
9.432002343750000000e+04
9.569810937500000000e+04
9.709112500000000000e+04
9.849859375000000000e+04
9.992003125000000000e+04
1.013548750000000000e+05
1.028025390625000000e+05
1.042624062500000000e+05
1.057337734375000000e+05
1.072159453125000000e+05
1.087081250000000000e+05
1.102094921875000000e+05
1.117192187500000000e+05
1.132363750000000000e+05
1.147599921875000000e+05
1.162890703125000000e+05
1.178225468750000000e+05
1.193593125000000000e+05
1.208982109375000000e+05
1.224380468750000000e+05
1.239775312500000000e+05
1.255154296875000000e+05
1.270503593750000000e+05
1.285808984375000000e+05
1.301056406250000000e+05
1.316231406250000000e+05
1.331318281250000000e+05
1.346301250000000000e+05
1.361164375000000000e+05
1.375891875000000000e+05
1.390466562500000000e+05
1.404871093750000000e+05
1.419088437500000000e+05
1.433101093750000000e+05
1.446890781250000000e+05
1.460440000000000000e+05
1.473729843750000000e+05
1.486742500000000000e+05
1.499459062500000000e+05
1.511861406250000000e+05
1.523930312500000000e+05
1.535647968750000000e+05
1.546995156250000000e+05
1.557954218750000000e+05
1.568506406250000000e+05
1.578634218750000000e+05
1.588319531250000000e+05
1.597545312500000000e+05
1.606294375000000000e+05
1.614550312500000000e+05
1.622297031250000000e+05
1.629519062500000000e+05
1.636201875000000000e+05
1.642330781250000000e+05
1.647892812500000000e+05
1.652875000000000000e+05
1.657265937500000000e+05
1.661054687500000000e+05
1.664231093750000000e+05
1.666786562500000000e+05
1.668713281250000000e+05
1.670004531250000000e+05
1.670654687500000000e+05
1.670659375000000000e+05
1.670015625000000000e+05
1.668721406250000000e+05
1.666775937500000000e+05
1.664180156250000000e+05
1.660935468750000000e+05
1.657045468750000000e+05
1.652514375000000000e+05
1.647347812500000000e+05
1.641552656250000000e+05
1.635137187500000000e+05
1.628110468750000000e+05
1.620482968750000000e+05
1.612265937500000000e+05
1.603472343750000000e+05
1.594115625000000000e+05
1.584209687500000000e+05
1.573770468750000000e+05
1.562813906250000000e+05
1.551356875000000000e+05
1.539416718750000000e+05
1.527011406250000000e+05
1.514160312500000000e+05
1.500882187500000000e+05
1.487196250000000000e+05
1.473122500000000000e+05
1.458680781250000000e+05
1.443891718750000000e+05
1.428775625000000000e+05
1.413352187500000000e+05
1.397642500000000000e+05
1.381667031250000000e+05
1.365445781250000000e+05
1.348998125000000000e+05
1.332344531250000000e+05
1.315504531250000000e+05
1.298497343750000000e+05
1.281341406250000000e+05
1.264055546875000000e+05
1.246658125000000000e+05
1.229166562500000000e+05
1.211597578125000000e+05
1.193968203125000000e+05
1.176295000000000000e+05
1.158593359375000000e+05
1.140877968750000000e+05
1.123163828125000000e+05
1.105465234375000000e+05
1.087795468750000000e+05
1.070166953125000000e+05
1.052592421875000000e+05
1.035084062500000000e+05
1.017652656250000000e+05
1.000308671875000000e+05
9.830625000000000000e+04
9.659240625000000000e+04
9.489021875000000000e+04
9.320052343750000000e+04
9.152410937500000000e+04
8.986175000000000000e+04
8.821418750000000000e+04
8.658203906250000000e+04
8.496589062500000000e+04
8.336632812500000000e+04
8.178390625000000000e+04
8.021907031250000000e+04
7.867222656250000000e+04
7.714380468750000000e+04
7.563418750000000000e+04
7.414367187500000000e+04
7.267251562500000000e+04
7.122100781250000000e+04
6.978938281250000000e+04
6.837781250000000000e+04
6.698642968750000000e+04
6.561538281250000000e+04
6.426481250000000000e+04
6.293476953125000000e+04
6.162527734375000000e+04
6.033640234375000000e+04
5.906817578125000000e+04
5.782056250000000000e+04
5.659350000000000000e+04
5.538697656250000000e+04
5.420093750000000000e+04
5.303527734375000000e+04
5.188988281250000000e+04
5.076467968750000000e+04
4.965950000000000000e+04
4.857425000000000000e+04
4.750873437500000000e+04
4.646283593750000000e+04
4.543633984375000000e+04
4.442910937500000000e+04
4.344091796875000000e+04
4.247160546875000000e+04
4.152092578125000000e+04
4.058871093750000000e+04
3.967472656250000000e+04
3.877873046875000000e+04
3.790051953125000000e+04
3.703987890625000000e+04
3.619655468750000000e+04
3.537029296875000000e+04
3.456087109375000000e+04
3.376806640625000000e+04
3.299161718750000000e+04
3.223125781250000000e+04
3.148676171875000000e+04
3.075789453125000000e+04
3.004439257812500000e+04
2.934599414062500000e+04
2.866247656250000000e+04
2.799356445312500000e+04
2.733903710937500000e+04
2.669862109375000000e+04
2.607209765625000000e+04
2.545919531250000000e+04
2.485969531250000000e+04
2.427333398437500000e+04
2.369989062500000000e+04
2.313910742187500000e+04
2.259076953125000000e+04
2.205463281250000000e+04
2.153044140625000000e+04
2.101801171875000000e+04
2.051709179687500000e+04
2.002745898437500000e+04
1.954887304687500000e+04
1.908115234375000000e+04
1.862406054687500000e+04
1.817738476562500000e+04
1.774089648437500000e+04
1.731442382812500000e+04
1.689774218750000000e+04
1.649065039062500000e+04
1.609295117187500000e+04
1.570443261718750000e+04
1.532493066406250000e+04
1.495424218750000000e+04
1.459217871093750000e+04
1.423854394531250000e+04
1.389318457031250000e+04
1.355590820312500000e+04
1.322654003906250000e+04
1.290489746093750000e+04
1.259083691406250000e+04
1.228417871093750000e+04
1.198476074218750000e+04
1.169241308593750000e+04
1.140700097656250000e+04
1.112836035156250000e+04
1.085633886718750000e+04
1.059077929687500000e+04
1.033155664062500000e+04
1.007851757812500000e+04
9.831523437500000000e+03
9.590427734375000000e+03
9.355116210937500000e+03
9.125445312500000000e+03
8.901290039062500000e+03
8.682511718750000000e+03
8.469006835937500000e+03
8.260645507812500000e+03
8.057307128906250000e+03
7.858869628906250000e+03
7.665234863281250000e+03
7.476282714843750000e+03
