-3.15167117
-3.00787237
-3.11633026
-3.14718177
-3.15112505
-2.92555001
-3.14976592
-3.15125269
-3.15141069
-3.15109212
-3.15155017
-3.14834345
-3.12215822
-3.15086868
-3.15064365
-3.15100111
-3.15067545
-0.72320189
-0.77052436
-4.74347456
-0.62278985
-0.60167740
-0.64675041
-0.58819820
-0.59802115
-0.76558078
-0.57788628
-0.60161959
-1.63515585
-0.68408383
-0.55215622
-0.59607483
-0.54401361
-1.05847216
-0.62259851
-0.52350562
-0.55059695
-0.62019020
-0.62739531
-0.51408511
-0.62867472
-0.48938557
-0.48167152
-0.45860888
-0.44599672
-0.43865725
-0.56380945
-0.44363670
-0.40217469
-0.41583553
-0.47544128
-0.80979277
-0.49293356
-0.40779364
-0.50944586
-0.41628903
-0.43031404
-0.36291832
-2.52691840
-4.34728851
-36.35399193
-0.39967613
-0.51117982
-1.57783285
-1.79223403
-0.59302854
-1.60040698
