-3.15161948
-3.15011169
-3.08541539
-3.15089772
-3.15150284
-2.14722495
-3.15157857
-3.15129033
-2.99876551
-3.15112689
-3.15099700
-3.15135011
-3.15156776
-3.14937601
-3.15140501
-2.83514384
-3.15130766
-1.82030277
-1.60348875
-1.63592018
-1.59261798
-1.44908053
-1.12640990
-0.72901654
-0.67709832
-0.65004998
-0.63891459
-0.65750121
-0.63976098
-0.63832089
-0.64087976
-0.64257045
-0.64247353
-0.63587923
-0.63118651
-0.62050340
-0.60786548
-0.59504347
-0.57943384
-0.56388170
-0.54957913
-0.53454209
-0.52588666
-0.52023660
-0.50519798
-0.49059254
-0.67349594
-0.49030184
-0.59576579
-0.50152234
-0.49728393
-0.49376725
-0.48835732
-0.48946688
-0.48176390
-0.46990130
-0.45976516
-0.46292504
-0.46032423
-0.45883990
-0.44859649
-0.44417541
-0.45365552
-0.44676810
-0.44347190
-0.45221952
-0.44834688
