-2.32179200
-3.15116011
-3.15137892
-3.14909237
-3.15077547
-3.15160063
-3.15015577
-3.07118240
-3.15128794
-3.10366356
-3.15074415
-3.14952542
-3.15085509
-3.15157543
-2.83190010
-3.15148962
-10.19866786
-0.59409493
-0.45868022
-2.69517271
-0.41886388
-0.55462480
-0.40654594
-0.44779778
-0.46132132
-0.49967967
-0.49326705
-0.41330744
-0.49217240
-0.41951362
-0.45091485
-0.41264057
-0.40278312
-0.40865745
-0.47564724
-0.48478426
-0.44057982
-0.38369995
-0.58835777
-0.42422729
-0.37872988
-0.44080926
-0.53197958
-1.14878944
-0.37872956
-0.74910361
-4.63606914
-1.33333010
-0.45849475
-2.07958007
-0.37161219
-0.38079485
-1.90786559
-0.57733150
-0.43306564
-0.67488222
-0.50288716
-2.77271601
-0.37339874
-0.37104706
-0.36461636
-3.05929090
-0.74344495
-0.37010427
-0.36819717
-0.40660945
-0.37364980
