-2.58602301
-3.15163540
-3.15127122
-3.14972537
-3.14767290
-3.15151839
-3.15088367
-3.13545814
-3.15110457
-3.15148860
-3.14210100
-3.15155901
-3.15094409
-0.46143129
-3.15118652
-3.15090596
-3.14807704
-0.55406927
-0.41512133
-0.48933780
-0.39958242
-0.40981966
-0.40855511
-0.39936062
-0.55539699
-0.42488843
-0.40625381
-0.40588447
-0.51066333
-0.41013952
-0.41561860
-0.41394800
-0.41639457
-0.40207256
-0.40026406
-0.40090343
-0.40309310
-0.42396516
-0.39464699
-0.39496882
-0.39180196
-0.39275847
-0.39349992
-0.39342960
-0.39144926
-0.39080205
-0.38968707
-0.40059660
-1.00072926
-0.40402287
-0.39321333
-0.38634343
-0.78712941
-0.52391676
-0.73369831
-4.72676075
-0.49409449
-0.38553054
-0.78102873
-0.39430023
-0.39349280
-0.39567529
-0.37591273
-0.44416430
-0.69148033
-0.88892066
-0.63249294
