-3.15117260
-3.15021416
-3.03559581
-3.15122368
-3.15161857
-2.06922856
-3.15141831
-3.15069181
-3.15145389
-3.15092622
-3.15022294
-3.15088178
-3.11490154
-3.14680928
-3.15167184
-3.15079543
-3.15137883
-1.74061981
-0.99319002
-0.82936465
-0.81959304
-0.79339169
-0.75890905
-0.69320839
-0.70796818
-0.69382559
-0.64278903
-0.84274757
-0.64094048
-0.59804456
-0.89779715
-0.60812284
-0.50780336
-0.53188455
-0.67897491
-0.51825501
-0.46764459
-0.50176918
-0.42959930
-0.45698898
-0.70815386
-0.46591548
-0.39529363
-0.51900743
-0.39670035
-0.38854792
-0.50177056
-0.38157202
-0.37633673
-2.69696223
-1.09472046
-0.39815214
-0.46530984
-0.37434277
-1.66072978
-12.74750662
-0.52380003
-0.42676632
-0.69889090
-0.39344939
-0.37460131
-0.44807450
-0.39360582
-1.14505289
-0.37022979
-0.76684255
-0.39095851
